0	3455
1	2081
2	1372
3	3971
4	2509
5	57
6	4320
7	3390
8	2265
9	3108
10	2772
11	4439
12	2594
13	3874
14	3812
15	271
16	762
17	2221
18	490
19	3213
20	2458
21	0
22	1706
23	1649
24	326
25	597
26	3258
27	3120
28	3539
29	3025
30	3529
31	535
32	615
33	2054
34	2571
35	1099
36	3100
37	3305
38	2688
39	2696
40	4026
41	997
42	3940
43	2970
44	3894
45	3158
46	2514
47	2429
48	573
49	1748
50	2792
51	2763
52	2128
53	1015
54	4063
55	1067
56	72
57	4095
58	2997
59	1410
60	3583
61	3259
62	1636
63	1968
64	2663
65	1753
66	2184
67	3678
68	4455
69	2528
70	3293
71	1893
72	3106
73	2803
74	91
75	2744
76	4382
77	33
78	990
79	3820
80	2453
81	1044
82	147
83	2255
84	455
85	4127
86	132
87	2086
88	1028
89	2992
90	2080
91	2823
92	266
93	4184
94	2041
95	2660
96	2416
97	4175
98	1605
99	2511
100	3702
101	1550
102	3399
103	3257
104	3089
105	4261
106	2981
107	3153
108	4474
109	2276
110	3056
111	3788
112	4096
113	1321
114	810
115	4144
116	2597
117	1035
118	4231
119	4
120	1719
121	2318
122	2550
123	2841
124	776
125	2724
126	129
127	2434
128	2420
129	3362
130	1385
131	449
132	2060
133	2682
134	1578
135	3033
136	2091
137	3271
138	112
139	3596
140	1357
141	1062
142	2305
143	1254
144	2450
145	1452
146	2540
147	2245
148	3537
149	3420
150	2171
151	3612
152	4150
153	4165
154	3222
155	4003
156	1140
157	4434
158	304
159	3017
160	928
161	4101
162	1277
163	3511
164	2698
165	1489
166	88
167	3364
168	1463
169	2447
170	1620
171	3857
172	1406
173	1470
174	2042
175	2504
176	335
177	2956
178	3715
179	22
180	7
181	2747
182	1898
183	739
184	217
185	2984
186	3323
187	1013
188	3026
189	1837
190	2121
191	3884
192	3926
193	3398
194	185
195	1896
196	2161
197	610
198	2818
199	804
200	826
201	677
202	901
203	920
204	4085
205	3093
206	4487
207	1728
208	4470
209	3382
210	584
211	1763
212	3473
213	3064
214	1810
215	1863
216	3758
217	1260
218	1483
219	642
220	2880
221	4116
222	3723
223	2180
224	4359
225	3016
226	1497
227	1017
228	868
229	3279
230	3344
231	764
232	1828
233	3045
234	671
235	337
236	3605
237	613
238	659
239	971
240	403
241	2023
242	4371
243	285
244	1194
245	197
246	461
247	1373
248	1468
249	3992
250	2670
251	127
252	15
253	4203
254	470
255	3233
256	1909
257	917
258	3688
259	184
260	1523
261	3236
262	1176
263	1984
264	985
265	3833
266	60
267	3489
268	2282
269	3419
270	4523
271	2608
272	3060
273	73
274	1520
275	4332
276	113
277	3948
278	24
279	786
280	121
281	4083
282	3912
283	4137
284	3151
285	4423
286	3206
287	4307
288	3058
289	1228
290	3359
291	4040
292	651
293	4374
294	2662
295	368
296	1221
297	4480
298	2365
299	551
300	3173
301	967
302	1548
303	2269
304	3078
305	1312
306	69
307	153
308	3129
309	4290
310	1517
311	4279
312	2134
313	1039
314	3831
315	2486
316	2290
317	1158
318	4520
319	1438
320	2968
321	347
322	4011
323	2998
324	2313
325	4549
326	419
327	13
328	4448
329	2300
330	3021
331	1375
332	3490
333	2292
334	2045
335	3226
336	2833
337	1143
338	1376
339	1559
340	3564
341	2074
342	4082
343	1532
344	1537
345	4528
346	1777
347	3019
348	2326
349	322
350	4385
351	162
352	3084
353	3285
354	3665
355	4379
356	2367
357	4156
358	3453
359	3001
360	3896
361	501
362	3836
363	3773
364	2352
365	1269
366	1179
367	566
368	3904
369	648
370	2551
371	3300
372	1940
373	3647
374	3457
375	3559
376	190
377	354
378	1727
379	4478
380	2659
381	1958
382	2764
383	3341
384	993
385	945
386	3868
387	4172
388	1308
389	1427
390	2636
391	1571
392	4236
393	1589
394	572
395	4021
396	770
397	3439
398	539
399	248
400	2941
401	2673
402	690
403	3424
404	1560
405	828
406	1700
407	763
408	3780
409	2719
410	845
411	2683
412	3500
413	4500
414	2329
415	2142
416	3958
417	2558
418	3204
419	2627
420	1867
421	2315
422	840
423	784
424	507
425	2299
426	1202
427	3274
428	3561
429	49
430	371
431	3932
432	668
433	2674
434	3636
435	3217
436	2192
437	908
438	4163
439	3804
440	351
441	4531
442	4432
443	4222
444	19
445	3870
446	3218
447	2630
448	2979
449	2553
450	2692
451	3092
452	3637
453	1059
454	487
455	1547
456	2869
457	2194
458	182
459	475
460	2129
461	2935
462	150
463	325
464	1414
465	56
466	847
467	2357
468	3676
469	2746
470	1183
471	4044
472	3449
473	3160
474	395
475	2533
476	3282
477	1247
478	2385
479	4131
480	1629
481	102
482	1104
483	3036
484	4498
485	1000
486	1235
487	4036
488	2436
489	4269
490	3843
491	2030
492	1409
493	3333
494	3148
495	2516
496	665
497	2239
498	4241
499	3184
695	1354
703	340
797	1345
1008	4443
1017	2144
1051	3865
1065	768
1106	1212
1172	2590
1307	2837
1342	824
1751	3289
1816	2435
1922	1899
1971	439
2174	1220
2398	316
2514	2438
2632	1333
2820	2359
2912	1419
2949	612
2986	3839
3096	3720
3193	2406
3218	678
3452	3143
3454	1930
3539	4122
3570	4102
3582	1408
3623	75
3697	3897
3793	3503
3835	1233
3966	2519
4072	999
4073	48
4313	2302
4348	4259
504	878
694	3984
777	1835
1018	268
1049	1006
1201	4295
1273	1187
1299	2570
1309	540
1726	1045
1786	369
1867	1264
1910	2789
1975	1296
2156	4468
2320	4208
2374	1712
2379	2776
2401	3717
2456	4510
2463	1434
3195	130
3321	334
3379	422
3421	976
3478	1682
3620	940
3716	1820
3736	1217
3751	2233
3857	766
3941	3920
3965	2706
4011	2083
4021	1668
4537	4314
4556	471
671	947
687	140
688	2872
744	2946
824	2452
900	3334
902	1857
1099	3878
1102	4429
1272	799
1415	986
2046	496
2229	1525
2454	3431
2461	4164
2811	2637
3039	3159
3127	2536
4358	619
825	1078
1167	2969
1578	2902
2110	3846
2213	2513
2298	3166
2502	2253
2776	2577
3070	1564
3101	3521
3313	1805
3679	292
3829	2226
3992	3996
4094	723
571	1901
580	1618
650	225
699	495
882	1826
931	2854
941	2838
1035	4265
1086	4072
1146	3653
1154	719
1174	4298
1210	3464
1214	413
1215	761
1241	1287
1265	2976
1391	2650
1565	3700
1576	379
1604	3924
1606	3123
1612	2404
1683	1225
1771	2479
1860	1844
1872	1129
1881	1322
1887	2010
1902	968
1919	2802
2026	1257
2124	3727
2309	4312
2367	3935
2489	3827
2500	4201
2509	3639
2512	1686
2521	3880
2809	3368
2952	1962
2990	1079
3085	1808
3102	155
3130	3791
3305	491
3417	3471
3459	1196
3473	4053
3538	2235
3621	135
3636	4076
3671	3946
3745	1436
3839	3554
3853	120
3916	1510
3971	396
3989	3386
4010	2487
4016	176
4064	1132
4228	3922
4231	1630
4236	4015
4264	2298
4368	142
4534	3994
1909	1292
507	4170
535	4461
609	3551
726	1458
877	472
896	3847
1117	4270
1209	3138
1217	4556
1321	3670
1377	2497
1464	3268
1542	2945
1631	1403
1643	1573
1680	1162
1727	734
1864	2072
1886	1570
1967	3239
1969	3126
1974	1175
2044	2402
2178	3109
2511	923
2536	4045
2596	1255
2728	3046
2752	506
2810	707
2815	819
2931	4392
2948	1421
3065	3505
3162	745
3167	460
3172	2859
3412	830
3552	832
3662	324
3705	2697
3741	805
3894	2801
3953	2236
4026	1906
4031	343
4089	2445
4184	4191
4449	2812
4515	1977
574	1781
595	3573
633	3587
773	1807
875	2822
928	111
963	1113
998	4477
1009	3643
1020	1974
1121	528
1135	2485
1198	2100
1206	1405
1208	1098
1221	3589
1236	315
1383	1991
1840	2200
1865	2873
2007	708
2028	3480
2282	982
2336	792
2455	2356
2491	1125
2516	4025
2537	1383
2545	3087
2579	205
2583	4169
2708	2552
2714	2793
2847	4482
2856	1007
2869	1716
2975	2403
3072	3953
3383	3681
3494	4308
3508	1816
3522	2615
3567	1855
3734	3895
3776	4129
3936	946
3977	1561
4015	4284
4344	1465
4545	1029
506	3008
516	2842
543	3802
562	3841
596	4347
623	2743
640	2176
646	3328
669	3810
752	4416
808	3245
809	2053
826	295
847	2787
854	1380
905	3081
915	3951
916	744
933	2506
946	3462
950	1178
953	857
965	3492
1025	647
1026	4294
1030	3409
1037	2343
1128	3278
1145	3003
1159	1549
1194	3967
1222	2411
1280	3968
1293	3057
1296	177
1311	2661
1395	3124
1398	1787
1399	4228
1410	4543
1411	3970
1422	2694
1449	489
1476	4301
1490	2339
1510	2350
1512	238
1531	1088
1577	1792
1657	2362
1693	3212
1712	4065
1724	1653
1740	622
1766	172
1767	4460
1831	11
1903	1557
1938	3706
1965	3122
1978	682
1981	3714
1982	152
1994	1505
2031	829
2049	3593
2068	524
2085	3535
2088	3495
2089	1664
2092	2223
2101	438
2127	1640
2148	385
2159	720
2164	3381
2169	2742
2171	193
2181	4463
2201	2174
2222	3609
2267	3020
2337	1441
2352	3600
2357	4407
2360	1230
2404	6
2407	3134
2429	1591
2440	300
2478	4092
2497	848
2526	1281
2531	405
2552	1546
2553	3909
2595	2520
2614	2702
2630	2993
2636	3032
2721	3380
2726	4431
2731	2903
2734	1987
2748	370
2796	1083
2797	1764
2800	2635
2807	2191
2862	2623
2900	4106
2943	1614
2945	2813
2961	3494
2984	2377
3053	2016
3056	2611
3098	258
3100	3955
3106	862
3117	1265
3138	2937
3139	1417
3156	1048
3157	4281
3166	2707
3180	4425
3210	3104
3213	658
3214	3845
3228	4535
3238	4183
3249	4326
3271	290
3286	3135
3307	1995
3343	3461
3347	4414
3363	4186
3368	3725
3391	4278
3402	863
3428	3514
3433	4238
3435	2723
3440	1358
3474	2866
3493	662
3498	1709
3543	1710
3589	742
3601	1541
3635	532
3640	195
3648	2432
3740	2585
3746	2187
3774	2311
3796	1935
3854	97
3879	2024
3884	3626
3975	2580
3997	3532
3999	2020
4043	1239
4046	2619
4055	1172
4083	199
4098	2103
4113	2476
4137	1658
4151	1798
4197	2532
4200	210
4225	994
4273	1416
4296	787
4298	3164
4332	1232
4371	412
4377	2589
4378	280
4386	2261
4425	821
4462	2766
4473	914
4492	2330
4541	323
4554	4366
1028	4303
1052	4250
2279	202
2555	2664
2662	2671
4198	79
4299	2008
4530	3944
802	2620
937	3200
1127	3509
1181	1246
1298	3743
1438	1675
1439	3228
1506	3997
1585	2737
1609	4193
1610	1529
1656	1038
1696	1026
1729	1951
1849	2353
1928	1412
1936	2238
1949	1926
1993	198
2017	2530
2232	884
2635	1521
2640	3189
2666	3227
2673	3360
2689	1422
2717	2043
2761	1495
2965	1515
3031	1849
3048	2073
3158	3741
3176	118
3217	4346
3229	3248
3354	3028
3843	1983
3845	3211
3848	1621
3855	3299
3948	3137
3955	115
3970	900
4149	3193
4157	3177
4268	2548
4336	3942
4373	3911
531	1065
626	293
638	3506
711	3792
714	4287
721	4451
736	738
747	1040
754	4466
761	3943
767	1147
791	3201
858	1814
863	1042
865	2120
874	822
892	2874
919	1471
929	2555
942	4209
984	408
991	441
1066	2887
1072	3625
1108	3312
1126	2950
1148	365
1164	4232
1195	3356
1226	1200
1270	2999
1277	2971
1308	4167
1326	1298
1331	2929
1372	3393
1387	2382
1406	4383
1474	3769
1499	3713
1539	4329
1553	3673
1557	110
1571	314
1580	733
1587	4004
1634	4098
1636	207
1648	3765
1665	1848
1702	1445
1757	909
1760	2827
1793	1139
1810	846
1817	4248
1833	1659
1876	1119
1888	124
1957	431
1959	2816
1985	3616
2024	1866
2033	359
2036	896
2117	2500
2128	4317
2143	3345
2197	833
2199	1875
2237	2178
2239	1407
2284	1177
2291	4339
2327	3889
2338	3947
2362	3887
2406	1191
2446	4542
2473	895
2507	3275
2513	1283
2517	1135
2520	2614
2543	521
2550	679
2551	1134
2586	3498
2600	1101
2611	3749
2612	141
2639	1785
2670	3121
2695	249
2697	2170
2760	2394
2791	2159
2842	1989
2871	3066
2881	3458
2894	4459
2913	3837
2940	3443
2957	4151
2987	3576
3012	2266
3018	58
3068	1043
3077	71
3108	1604
3122	457
3137	3348
3173	2782
3205	114
3211	2250
3268	3606
3269	674
3279	488
3280	781
3302	3621
3392	1313
3405	4343
3407	4145
3414	1986
3416	1170
3458	1941
3469	1344
3470	1927
3472	558
3475	2856
3490	3283
3499	3567
3569	3915
3575	2911
3613	806
3638	2510
3654	1878
3684	1294
3685	2048
3735	3165
3813	1619
3825	537
3832	4215
3833	1880
3861	955
3918	3879
3919	4445
3923	4118
3925	429
3939	1096
3984	3982
3990	99
4005	1565
4012	1724
4035	2088
4048	2876
4069	3288
4078	2960
4096	568
4112	427
4125	790
4129	778
4140	4108
4172	3179
4203	841
4248	755
4297	367
4389	2472
4407	2407
4451	2731
4479	3423
4480	2543
4496	3052
4539	263
4558	2470
1000	3590
1544	1966
1777	170
1901	4070
2278	1507
2444	3574
2585	522
2751	3959
2753	4019
3358	206
3594	595
3596	1542
3799	2135
4145	2972
4326	2896
4406	3597
4435	2229
740	2256
1023	3610
1101	3779
1140	4058
1213	3892
1233	1577
1394	548
1504	4360
1572	2031
1668	1797
1776	161
1827	3316
1874	3384
1980	1612
2108	2240
2208	4399
2397	3436
2494	2756
2567	3459
2599	2364
2669	2628
2757	1460
2793	4475
2970	3829
3185	1508
3212	1306
3260	4276
3382	2995
3419	3456
3599	4351
3634	4086
3677	1290
3956	103
4004	577
4023	105
4229	645
4254	4348
4353	3376
4391	1832
4483	2645
4561	2164
528	3661
618	1109
869	631
1036	3329
1315	1569
1416	4444
1819	3005
1944	2901
2061	4109
2095	3445
2165	836
2250	1112
2310	131
2466	1734
2598	2617
2729	2629
2818	2717
2983	3568
3071	3849
3580	1641
3737	1208
3927	287
3935	4268
4234	406
4352	1665
4361	1925
4412	1786
4426	4327
4464	2029
4488	133
586	2788
746	2489
855	1371
864	2974
979	1352
1168	3321
1300	4539
1450	4252
2297	813
2318	3556
2465	603
2663	2205
3092	3975
3251	4078
3275	3065
3316	2022
3323	3923
3340	3483
3436	2759
3536	4491
3761	4516
3800	1838
3905	2099
3940	1518
4041	1575
4117	1318
4382	4522
4507	4277
1105	1300
1674	3395
1954	3170
4536	4465
556	3043
657	2640
805	3672
841	1938
997	148
1047	2727
1230	3733
1310	3250
1389	3774
1402	3269
1447	4178
1516	1626
1527	710
1597	289
1655	3037
1708	260
1778	3202
1829	1512
1906	3438
2002	3569
2096	2336
2194	865
2218	2398
2227	3156
2292	2917
2321	673
2415	1663
2431	418
2436	2648
2495	2051
2527	975
2581	330
2658	1799
2828	1250
2853	3585
2879	2082
2904	680
2968	4323
3080	3848
3110	3053
3126	4067
3200	903
3224	4557
3312	748
3367	94
3393	392
3397	3400
3425	2885
3429	777
3431	4211
3587	414
3649	4534
3773	509
3869	669
3908	4283
3983	1293
4006	3508
4179	2545
4252	861
567	2928
749	1999
1481	2593
1841	3015
1859	2490
2346	684
2475	1959
2587	3414
2911	2754
3010	3770
3342	547
4133	1522
4224	1332
4413	798
818	435
827	386
1104	2047
1721	644
1926	4174
1955	1903
2135	4079
2667	1793
3350	2244
3568	1329
3951	2652
4303	1829
4385	1634
4431	3641
763	332
779	2285
800	4337
820	634
852	4306
878	1033
938	2006
978	2384
1098	4059
1455	4545
1483	3276
1685	4214
1772	1498
1789	773
1925	3854
2205	3041
2273	956
2323	4216
2393	3860
2654	1862
2739	436
2788	2850
2859	1918
2906	2059
3033	2716
3073	2498
3115	27
3181	2638
3189	2736
3669	3542
3693	753
3754	4048
3826	4073
3867	3175
3913	3916
4226	2865
4233	876
4247	3392
4307	2465
4324	1654
4362	3519
4445	1365
4446	4532
4466	1932
2706	2331
527	1751
793	4427
872	1602
964	1169
1339	2207
1477	2644
1701	3171
2075	4260
2355	1739
3562	2392
3619	3524
3891	4027
701	2374
956	1877
1555	298
1882	4403
2361	2232
2385	571
2477	3339
2616	4220
2916	984
3143	84
3518	2258
3558	1477
3767	4018
3797	1262
3865	2262
4194	907
534	3062
985	2228
1016	4263
1045	1307
1397	1726
1660	4198
1715	4068
2505	801
2880	228
3450	1305
3480	3247
3615	2770
3962	640
4088	3326
634	2858
833	1913
1119	536
1187	3214
1204	474
1788	1189
1897	1594
2560	1854
2575	2409
2602	1268
2759	2769
2814	2257
2873	454
2886	4255
3273	3910
3448	1973
3466	3145
3702	1451
3994	512
4325	661
4415	4084
579	933
829	1475
1094	2964
1212	1623
1319	3241
1376	2079
1414	3793
1473	546
1536	4462
1669	1118
1815	4280
1826	2415
1983	1574
2041	2163
2043	541
2074	1263
2619	3728
2696	2040
2867	974
2980	2195
3083	2689
3274	3906
3294	1964
3420	464
3608	3739
3836	2891
4061	3938
4087	3731
4119	246
4188	1325
4263	3985
4508	1248
4516	428
4550	4384
895	3785
1090	3197
1322	4147
1343	1795
1359	25
1443	691
1723	2634
1930	916
2152	2077
2558	331
2661	1401
2687	630
3816	2899
3823	689
3887	2291
3892	3350
3982	306
4317	2400
544	3930
590	991
615	4257
665	4336
839	3130
1149	4064
1246	2456
1328	1032
1365	4206
1431	3899
1513	3256
1525	2517
1591	4341
1679	715
1806	2032
1822	3570
2240	3936
2648	1708
2749	1133
2775	4031
2794	4388
3165	145
3295	1684
3337	2139
3565	2890
3696	3993
3780	1891
3877	3012
3907	2845
4161	4176
4167	3111
4256	296
4315	1697
4337	3027
4355	1627
4369	329
4372	1259
4379	164
4513	1493
4548	2761
570	2222
656	2442
778	192
1044	2977
1091	3194
1103	243
1109	817
1161	4389
1244	1492
1261	37
1264	1394
1720	477
1814	1566
1847	4023
1866	1572
2000	3358
2023	4055
2051	1887
2105	3582
2188	4344
2192	3718
2261	3686
2727	3261
2837	3999
2969	3075
3066	3602
3144	1946
3225	502
3232	2341
3234	2202
3422	2507
3676	1811
3692	4009
3824	1757
3841	3572
3963	637
4070	2978
4102	1266
4127	510
4163	440
4304	785
4346	4291
4351	3397
4370	3826
4427	3277
4459	2025
515	374
617	375
876	3322
1122	3086
1267	1775
1375	1776
1428	1145
1593	4546
1646	178
1673	3832
1725	4046
2130	224
2330	319
2365	467
2822	3349
2852	1500
3309	3740
3504	2145
3541	1755
3666	1852
3804	465
3828	698
4470	754
540	312
1003	2564
1013	4024
1649	4010
1722	106
1890	2618
2163	1171
2613	3330
3803	4075
4142	1270
4199	3162
551	1052
557	1082
607	1271
666	3881
846	3824
868	606
898	3290
967	4016
976	1917
1271	1087
1333	1089
1441	3782
1592	4117
1620	2948
1642	2177
1731	4501
1946	3890
2030	3533
2084	1729
2093	1215
2139	2319
2207	4071
2335	2949
2504	3476
2609	1882
2621	3292
3078	1426
3168	2067
3186	4273
3301	4197
3484	992
3488	3557
3588	1972
3600	390
3873	601
3893	747
3957	1667
3976	2714
4033	969
4215	1759
4220	3335
4271	1041
4338	2217
4503	3962
4506	1124
853	2334
894	2847
2647	815
2762	3161
3410	1582
4105	2263
513	1149
538	1420
709	2468
932	1146
1048	2197
1071	361
1253	3541
1362	2939
1425	253
1435	4299
1457	458
1605	549
2016	633
2134	1758
2339	350
2412	1825
2607	1276
2890	1389
2979	593
3164	1965
3598	3343
3678	3230
3876	2294
4024	1432
4044	377
4100	3719
4395	174
4497	1553
520	4161
524	529
598	3523
635	3580
674	802
689	1069
692	1273
693	3903
785	3031
796	34
810	1853
812	711
840	3318
901	1872
922	3864
936	3978
951	3291
958	989
1001	726
1032	3927
1058	3818
1075	1503
1079	2106
1160	2518
1165	1615
1175	3991
1182	1846
1183	686
1192	2915
1227	3146
1229	1865
1235	556
1268	432
1269	1115
1318	1689
1467	1199
1522	3231
1533	3405
1651	1509
1687	421
1735	4033
1761	538
1763	629
1821	1944
1823	1473
1851	2839
1873	1769
1883	387
1913	1092
1951	255
1960	877
1997	3633
2004	2057
2029	2601
2032	2324
2052	4322
2063	3088
2097	1388
2115	1008
2119	3691
2120	1628
2121	2225
2233	3607
2343	4034
2351	108
2353	4318
2363	3902
2375	1442
2390	797
2395	4126
2430	2526
2459	311
2538	1387
2572	3549
2652	3243
2653	2581
2693	951
2699	2070
2722	151
2733	3655
2738	1454
2747	213
2789	2140
2846	1320
2848	721
2883	3705
2884	1931
2982	128
2985	3394
2997	1647
2999	3450
3050	61
3063	1314
3081	3579
3105	3613
3159	2410
3219	1429
3220	3071
3221	2985
3226	4502
3255	2443
3270	43
3315	1590
3332	4035
3365	3674
3500	1603
3527	3332
3631	1297
3643	2814
3725	1066
3783	3180
3790	2380
3792	1467
3807	2408
3818	3199
3898	1740
3901	2116
3929	3412
3954	342
3972	3091
3996	4052
4052	1167
4054	692
4086	4296
4090	2119
4121	3297
4138	1655
4146	1020
4183	388
4185	4037
4213	922
4240	1120
4242	1116
4275	1310
4284	4375
4310	3666
4316	3813
4339	2172
4347	1490
4405	3798
4409	886
4410	4087
4416	4484
4418	2537
4461	4061
4484	1761
4485	2018
4490	1742
4514	1678
4555	1730
628	3795
700	1698
1528	83
1575	2113
1743	1873
1812	1954
1824	1324
2317	3669
2443	1071
2457	265
2836	3377
3408	3404
3809	2795
3875	4512
3960	476
4036	1472
4222	2360
4238	1253
1607	2609
2659	1796
2724	1485
3979	4056
4531	4417
4540	3807
723	2888
816	149
1057	3544
1060	480
1095	2821
1107	2132
1116	85
1139	4548
1178	4149
1238	2825
1248	3766
1409	4091
1420	2610
1472	4050
1582	694
1675	245
1908	3061
2071	600
2098	3286
2158	2379
2179	3838
2257	4128
2368	4013
2418	2019
2419	3198
2641	3963
2691	4396
2707	1677
2764	3430
2833	2955
2902	3919
3041	2027
3054	264
3141	1881
3177	1328
3387	2094
3390	2720
3400	1803
3501	3352
3566	4097
3572	4552
3604	4173
3668	2810
4058	1304
4136	231
4166	811
4235	892
4305	2286
655	2369
717	740
756	2750
803	2938
815	2114
983	534
996	3736
1014	1760
1084	926
1124	627
1129	2183
1133	1090
1317	517
1445	3685
1468	3117
1480	2273
1498	3383
1622	3979
1644	3649
1692	570
1707	3303
1768	3351
1769	1009
1805	977
1852	1343
1898	4540
1904	4469
1962	3747
2079	1656
2180	2046
2195	1355
2228	1741
2234	1858
2235	2579
2295	3618
2332	704
2344	2166
2400	2860
2496	3054
2542	3315
2656	2499
2770	1080
2783	4479
2870	2133
2875	3797
2910	3157
2923	3030
3036	3834
3277	262
3306	2482
3373	4047
3374	1316
3380	1201
3396	1025
3446	1148
3560	3484
3583	3710
3628	2433
3661	4218
3726	3891
3747	3901
3844	2538
3862	3595
3882	2975
4084	3094
4103	3223
4259	2321
4330	2843
4398	1869
4432	2632
4551	1190
525	4060
541	2741
610	3512
647	963
837	160
999	232
1115	685
1153	949
1327	1156
1488	882
1489	1942
1532	2745
1616	1311
1690	1289
1804	1399
1828	1211
2025	1370
2034	2895
2047	2358
2056	2371
2091	3040
2371	3403
2445	1701
2476	2560
2493	569
2541	4135
2563	3805
2597	3571
2605	888
2631	1827
2638	653
2743	2231
2746	2301
2864	86
2874	2768
2897	3913
3061	3746
3119	2693
3124	1874
3248	1275
3326	2796
3462	1378
3528	2143
3626	2561
3786	1245
3928	869
4020	2668
4047	735
4126	3989
4309	4476
4519	3877
1242	1737
2059	1625
2176	641
3259	2886
3787	4373
4343	381
673	3872
1100	2811
1434	2934
1485	1713
1807	626
2122	30
2510	4331
2554	655
2732	1377
2992	675
3013	1929
3059	2388
3227	44
3296	716
3395	2775
3398	415
3748	728
4287	714
523	65
848	3949
1144	4112
1659	814
1794	2857
1809	2624
1927	851
2066	3712
2167	2325
2172	3324
2314	1369
2674	3249
2685	158
2821	2967
3140	378
3266	3357
3308	1347
3686	542
3722	2414
608	2852
1123	2704
1150	4430
1166	3460
1199	3023
1755	544
1858	2954
2050	2190
2294	1841
2515	3205
3062	4005
3079	2141
3418	1831
3427	1203
3578	2090
4077	3651
4152	4275
4365	759
4402	4202
4560	3371
599	4196
632	2952
639	1912
718	3819
1260	1341
1341	3209
1471	2370
1563	1123
1785	2335
1885	4304
2011	550
2129	1144
2168	2910
2204	2210
2212	1309
2421	1057
2452	2767
2499	3695
2570	1568
2623	1644
2804	2942
2863	2804
2921	2162
3257	2208
3547	1773
3687	239
3810	498
4080	2829
4111	3481
4159	1939
4196	3301
4399	2576
529	3172
850	2001
903	695
1088	3048
1306	1804
1345	3638
1448	2651
1943	4100
2116	1824
2643	4350
2926	1902
2934	269
2960	4441
3019	981
3357	2567
3404	188
3529	3085
3694	1735
3771	3391
3904	1780
3988	683
4176	2996
4340	527
4397	3220
4468	942
518	2749
690	1423
934	2621
1586	1327
1608	87
1653	186
1968	4105
2755	3408
3011	4141
3244	4554
4060	482
4392	3340
561	1583
600	3772
698	284
760	146
843	1480
960	4381
1012	3866
1061	4562
1202	2014
1433	3530
1446	143
1478	1236
1676	2897
1691	575
1746	2289
1795	3331
1912	1450
1948	1960
1966	2211
2145	55
2249	4139
2413	2566
2484	2965
2603	2345
2692	2691
2779	17
2893	1538
2909	4442
2930	3562
3109	16
3355	3501
3612	1081
3658	3309
3768	3072
3864	1692
3896	609
4008	4406
4276	3614
4349	4286
4374	958
4465	1023
4522	420
631	1609
890	2175
1004	82
1063	2052
1329	2000
1419	2421
1494	1168
1628	1746
1818	3821
1915	3738
2060	4207
2136	919
2263	3631
2325	1916
2498	3178
2519	1105
2845	1054
2941	2152
2953	4513
2991	2182
3037	1771
3192	2920
3293	18
3317	953
3479	247
3763	3754
4045	2546
4081	4436
4246	4438
4535	581
505	3389
643	818
667	2220
706	2646
772	859
911	2879
1092	910
1097	2807
1285	317
1340	3929
1358	906
1479	807
1519	3973
1524	372
1694	497
1734	3116
2258	1801
2315	1085
2460	1002
2576	4342
2740	2157
2750	4229
2829	3662
2889	4249
2932	4124
3005	3771
3043	1126
3111	3410
3510	3051
3593	2700
3762	2247
3889	348
3912	3558
4101	90
4201	1980
4366	3809
4452	505
566	1770
678	2584
906	492
1355	1600
1739	1204
1744	1121
1986	1819
1989	2058
1991	1205
2170	3703
2274	2777
2556	4453
3310	1834
3531	1361
3974	803
677	2454
764	3697
1451	1340
1889	154
2015	2455
2183	159
2872	3734
2963	2036
3320	1459
3334	3808
3607	1672
3711	1466
3757	1949
583	2924
624	3783
889	2878
893	4412
972	67
1031	3294
1141	2722
1171	3385
1225	2861
1545	240
1550	2272
1613	3319
1666	2297
1736	3960
1781	4481
1825	2905
1850	4054
2073	2565
2254	478
2255	2338
2299	447
2340	988
2341	3954
2405	576
2409	1528
2546	4473
2606	1368
2620	2158
2677	4493
2763	3806
2780	5
2955	2038
3150	4447
3171	2569
3184	3974
3353	2684
3461	503
3483	3440
3520	2892
3629	303
3659	3965
3727	2199
3842	4334
4062	2109
4116	1181
4214	2647
4230	31
4249	3952
4448	2101
578	3320
1952	3478
2381	1703
2424	2527
3769	3102
4053	3516
4411	3114
897	3679
939	2149
994	59
2082	3536
2946	2111
1266	1061
3107	493
3311	4424
4312	2966
539	4123
603	3701
614	3553
649	320
845	4533
860	918
1284	3366
1316	4041
1334	3851
1424	3790
1453	4311
1523	3370
1779	4362
2054	2726
2260	854
2287	3013
2358	1772
2450	4000
2768	1997
2882	2989
3002	4104
3058	136
3201	3950
3304	713
3540	168
3576	3488
3718	1288
3838	2867
3931	53
4135	1280
4164	2622
4189	138
4293	4333
4517	1707
4529	2002
660	3139
1752	2422
1877	1193
3968	602
4144	3861
4414	1802
697	2653
710	336
1096	2342
1276	3704
1281	3729
1716	2104
1738	2368
2528	1970
3381	2940
591	2894
672	1299
1688	775
2076	1651
2230	251
2266	1530
2302	3497
2441	3311
2590	89
2958	1783
3495	2871
3591	1286
3698	2851
3947	1617
4202	1905
4210	1809
4489	2348
4547	2875
1083	823
1681	598
3325	2834
4255	3401
4417	2323
819	621
1900	700
2574	1979
4384	4042
1040	2573
1325	214
1430	3694
1846	3977
2610	1516
2719	4246
3656	4267
4341	1765
4363	2306
1039	2026
1156	1586
1353	1884
1390	1622
1717	1138
1899	1738
2391	321
3045	1010
3133	2828
3509	3540
3645	2049
4285	788
558	211
645	3407
751	3255
1292	194
1584	1749
1750	1018
1756	1511
1905	2602
1935	1527
1937	3794
2039	4217
2245	4302
2313	3527
2472	2477
2562	4496
2665	894
2887	1961
2988	873
3097	3722
3333	3550
3415	4387
3519	2437
3532	1267
3791	4550
3915	3900
4165	2011
4434	3238
842	2401
1976	3748
2694	2781
4502	1334
787	966
918	3816
980	3961
1732	3624
2083	1836
2617	1762
3132	2809
3503	1395
4095	4415
4243	3022
867	443
2735	2165
3650	4199
4476	4380
653	1937
716	717
774	356
821	4405
828	2797
1002	1993
1623	1272
1664	3251
1728	1491
1802	4428
1854	1608
2190	2779
2236	1295
3123	4239
3160	1107
3556	3068
3577	3928
3920	3433
4241	442
4559	1131
676	3853
966	3988
1386	302
1502	3265
2220	3070
2225	3474
2865	3711
3026	1957
3720	3132
3847	417
3874	2544
3914	1861
4290	4142
4364	2355
835	772
921	4457
975	2075
1179	1366
1245	1914
1254	2095
1283	1216
1297	1151
1312	1544
1385	2215
1626	518
1647	1910
1880	3402
1894	4115
1939	523
2126	912
2286	3777
2311	941
2331	3692
2442	965
2624	104
2650	123
3254	1479
3426	1478
3468	2799
3544	1363
3683	1034
3860	2481
4528	3565
503	2096
530	2587
795	2881
806	3244
866	1338
1466	3196
2078	235
2103	794
2277	1800
2868	4404
3187	3141
3338	2808
3439	660
3553	3188
1641	1019
2058	3463
2264	1982
2290	4099
2532	890
2877	259
3285	591
3389	2017
4107	3434
4308	3726
879	2234
1350	2248
1551	970
1583	4397
1714	2578
2402	582
2684	2387
2725	3432
3047	687
3236	2062
3318	4094
4186	3873
4237	3814
621	3577
1320	410
1529	272
2020	4413
3250	4486
3886	579
4063	1047
4279	1453
4367	1428
1027	3578
1337	1670
1495	3751
1509	1907
1562	2216
1682	327
1718	2124
2535	4355
3362	1251
3530	2685
3707	1413
3733	1102
3946	26
3952	1789
4329	3468
4475	137
1461	852
1914	166
3149	1889
4356	2005
548	4274
1444	4288
2013	3163
739	3185
912	3018
1064	666
1552	4234
1774	3995
2792	2944
3369	3534
4195	4505
553	2562
1169	3069
1595	3176
2388	2351
2723	561
1125	1562
1371	800
1706	10
1783	3207
1863	189
3004	2657
3017	4471
3336	2327
3406	2198
3899	409
4115	3477
4180	2626
4277	3732
1232	3520
1698	3174
2112	2068
2601	2904
2905	1097
2974	3000
3330	2063
3897	1543
4168	2595
588	2227
856	3374
917	1978
959	2391
988	959
2307	3762
2386	1036
2503	2065
2626	4536
2774	1210
3134	393
3674	2457
4181	4120
4422	1351
1216	4421
1442	1911
1475	256
1941	1744
2408	1404
2483	1279
3516	2130
1336	1022
2915	649
554	2710
563	3644
564	1315
604	3406
605	1599
616	1274
627	3115
654	1073
658	434
743	4074
757	3908
770	341
814	4514
830	401
887	3650
899	1382
910	1226
1078	1384
1093	930
1220	1180
1239	209
1294	2501
1304	4338
1313	1223
1429	3006
1458	485
1526	1137
1588	4418
1654	2317
1713	229
1884	3835
1929	676
1953	402
2035	411
2037	1895
2070	3444
2185	279
2196	96
2288	481
2359	1723
2376	1967
2529	725
2559	1240
2582	2598
2594	3969
2660	1342
2736	1661
2754	278
2758	2729
2773	1161
2876	2785
2888	2160
2962	793
2993	450
3020	1933
3030	21
3060	2413
3086	3671
3120	1552
3199	718
3222	3372
3265	3611
3281	2613
3481	995
3513	1379
3550	4271
3701	3753
3781	4017
3863	530
3945	1690
3981	3152
4108	1784
4155	1924
4232	3844
4239	3690
4251	2824
4266	3803
4319	2466
4429	2012
4438	3823
4442	2893
4493	1219
4495	4324
4499	2249
4524	4089
2319	4458
3051	2242
3292	95
4261	1238
4433	2
577	780
1566	1992
2435	4242
2700	611
2989	4395
3099	339
3170	3893
3491	2430
3630	835
3713	4315
3732	3724
3777	52
4132	3369
741	276
2939	4316
3689	525
4260	3945
1370	1868
1869	2524
2001	451
2247	3698
3487	1556
3533	3142
3637	2947
3859	4391
3878	937
4050	2794
555	1396
606	1499
1080	1736
1112	3373
1401	4244
1436	2381
1627	2654
1671	1084
1911	3934
2226	2604
2301	553
2715	1601
2918	1985
3467	567
4510	1003
4526	782
4542	448
907	3817
993	693
1022	1870
1205	657
2081	585
2153	2505
3131	1068
3755	2755
4546	3363
3087	2188
3154	4483
510	891
512	1095
594	4456
652	2503
685	2790
702	4254
707	2563
719	1981
725	4368
794	3925
823	2478
838	2224
888	1767
955	880
1053	4243
1142	3229
1157	3499
1188	1182
1240	2461
1243	1411
1251	1685
1290	1252
1323	2916
1374	4227
1500	2376
1507	4553
1561	4185
1719	2078
1759	1915
1775	1433
1787	4188
1790	288
1800	3112
1813	795
1878	4370
1895	2463
1917	838
1999	4506
2003	1021
2057	1128
2113	1774
2133	580
2193	596
2214	3466
2248	3646
2347	1988
2356	3513
2389	1136
2479	853
2480	1486
2485	2913
2698	1990
2860	4030
2972	233
3055	70
3069	1055
3145	3237
3182	756
3190	939
3194	4292
3243	3076
3287	1721
3335	1585
3352	179
3356	2428
3413	2678
3455	3007
3542	4189
3573	270
3651	3307
3655	2044
3675	1227
3778	3442
3801	3418
3806	3098
3978	3284
4037	394
4059	2918
4092	1679
4227	3224
4258	1336
4357	318
4419	3635
4450	769
4453	1091
4478	2953
4491	1704
1162	346
3006	3077
3064	3737
3203	1681
3298	1580
3409	4335
4056	831
4074	2460
4253	837
546	2474
547	1947
559	3472
585	3325
691	646
696	3588
724	117
732	1581
748	1639
765	3603
798	3976
1019	23
1219	925
1228	1075
1288	3234
1378	4495
1380	3035
1437	3095
1440	1702
1459	201
1630	3446
1733	3435
1797	3755
1798	3601
1844	1174
1956	2115
2008	180
2053	2328
2086	1258
2090	2424
2251	652
2271	3469
2275	2168
2326	564
2329	366
2378	1188
2399	1657
2433	839
2451	4285
2564	3421
2591	3090
2668	54
2702	469
2843	1733
2885	702
2995	1596
3008	638
3074	4400
3095	3629
3104	3921
3178	40
3208	3886
3239	2037
3252	2667
3297	1752
3441	2418
3449	3154
3505	3467
3526	511
3595	4192
3712	3552
3814	291
3821	767
3903	1350
3930	1122
4038	681
4106	2383
4175	4181
4205	4014
4295	3981
4376	1718
4394	1001
4424	2534
2027	4411
2533	1956
3235	1860
1538	2988
2161	2849
2557	1683
2683	4090
4082	4511
4169	1462
708	380
727	1447
729	1856
962	2281
1505	656
1564	1282
1780	2314
1921	227
2280	1444
2304	2283
2345	2417
2642	2721
2681	1840
2772	3059
2834	2848
3241	614
3424	4538
3749	4558
3851	241
4322	3168
4375	3235
4501	2471
4552	2393
2010	2304
2799	2936
730	562
1338	1165
1857	2826
1979	3097
2216	2309
1257	1317
1274	391
1289	1871
1369	1593
1625	3221
1801	1431
1811	789
2111	2492
2244	257
2634	3475
2777	4225
2786	2107
3197	139
3204	2181
3289	2295
3667	559
3714	3528
4019	904
4171	2681
3003	4300
508	4262
1548	220
1861	1864
1988	187
2203	3427
3622	2185
4383	3882
873	2588
957	2213
1357	1244
1535	1418
1558	887
1573	2230
1663	4158
1958	1077
1992	771
1996	2050
2644	134
2849	4422
2976	2275
3723	2307
3911	927
3932	2515
4042	42
4143	1464
4323	1224
4333	2137
705	3355
1796	237
576	1330
662	2405
735	4088
1158	1261
1454	2332
1501	2494
1556	1278
1942	3917
1984	1391
2109	424
2675	3485
2819	4272
2841	620
3559	2853
4001	3842
4217	212
4518	1166
684	4039
731	929
781	4369
789	1331
883	3313
1152	2347
1250	2118
1303	885
1830	2840
2703	1157
3035	500
3057	3067
3136	2110
3561	1616
3729	1976
4018	4494
668	872
786	2496
1753	1346
1754	1155
2132	796
3672	308
3704	2699
4120	3869
849	3640
1042	4390
1368	4377
1896	4394
2219	3047
2380	4226
3476	4152
3485	3287
3597	552
4302	2522
1456	1349
1470	724
1603	1381
1835	2831
1972	1694
2062	654
2087	3136
2420	3599
2676	3491
2701	2028
3276	4119
3502	3620
3602	4245
4109	743
4381	4518
592	3183
682	752
1110	3619
1263	1921
1672	2541
2206	3034
2925	1534
3246	3623
3348	1699
3673	3682
3695	957
3766	430
3980	4345
4040	1643
4454	4029
1151	4524
1231	1637
1791	2708
2221	3675
2767	2396
2782	3314
2892	78
2996	1595
3088	196
3125	4121
3230	2605
532	2280
784	889
811	3169
859	3543
891	783
920	3756
935	9
1191	2531
1211	1449
1252	1731
1367	758
1632	313
1689	1888
1748	2748
2019	2572
2022	3361
2040	554
2064	2003
2102	1892
2140	200
2238	1285
2439	1818
2458	3684
2627	1154
2655	486
2664	3252
2682	2990
2825	2209
2922	1535
3089	4258
3482	36
3581	445
3584	2218
3779	2340
3856	1725
3883	1457
4244	2832
4301	1666
4388	2097
4477	1948
4511	2488
1056	4162
1629	1504
1773	2758
759	866
2014	283
501	3789
1029	3986
1255	1362
1742	2732
2099	3707
2781	2925
2933	1850
3938	416
981	3660
987	1390
1155	376
1176	1392
1704	3656
1834	3822
2272	599
2474	1519
3261	1030
3322	64
4160	3254
4342	3525
4471	63
545	4420
581	3667
648	3859
1077	1209
1286	3856
1534	2344
2805	2633
3756	1830
832	2039
1601	1206
1645	3815
1741	3073
1842	3628
2256	1610
2471	1481
2492	3515
2548	883
3324	223
3341	1822
3437	400
3521	2963
3633	899
3758	935
3794	2495
4182	2641
4354	3452
2447	3302
2929	3267
3147	2459
4207	398
4443	3182
4463	3531
509	364
536	3240
651	1766
2486	3074
3492	344
1011	1302
1427	76
3423	2271
3549	1688
720	4437
831	3280
861	513
952	3195
989	4492
1218	1424
2269	1897
2522	4166
2593	2695
2927	4219
3148	1339
3743	592
519	2882
613	4223
1138	1876
1349	1843
1920	2483
2826	2312
3151	4221
3657	4454
3817	2015
3858	1063
3880	2033
3937	915
4065	4364
4294	281
4456	2169
2038	3042
2709	3009
2851	1241
3609	1400
3822	2204
4282	3786
517	41
948	779
1067	2835
1493	3664
1614	1070
2012	1673
2518	2919
2813	4051
3163	3155
3688	2013
3831	4560
3834	1443
4212	1049
4288	2884
4404	3657
737	468
971	898
1074	1660
1200	2868
1514	1093
1617	3862
2832	3010
3284	3801
3443	294
3802	3863
4505	4544
2394	531
753	563
1891	2361
3025	849
3339	4398
3463	3855
4123	589
2959	860
2803	2089
3647	2491
3798	3767
4250	1842
4504	499
1348	667
1518	2529
1703	3584
1709	433
2055	425
2131	2912
2157	3063
2265	3546
2285	397
2908	4006
2937	3310
3034	171
3237	2900
4281	1691
1021	3693
1511	2296
2202	2973
2686	855
3764	3336
4156	3215
1916	4313
3327	3099
500	879
1870	3055
1892	4130
2005	2679
3103	2774
3253	973
3444	1114
3515	3858
1570	746
1621	2395
1637	226
2936	932
3514	2333
2334	3128
2539	2105
3014	2556
552	1496
1491	858
1765	3304
2217	3586
2364	222
2899	2600
3028	3465
3128	844
3403	936
4267	1859
742	473
783	1319
2253	2246
3665	1969
3040	462
1173	1952
1413	2606
1977	2085
3571	1037
1379	508
1931	3110
2308	749
2544	4157
3944	699
4174	3581
568	1060
1302	4001
2125	636
2155	1111
2712	727
4034	3082
4190	1448
522	2962
644	1815
2252	3270
3805	1237
4118	905
836	960
2312	2440
3603	3517
4178	4194
4221	4325
1010	3378
1134	1894
1305	28
1836	175
1879	2927
2524	2480
2785	2372
2854	1207
3206	3781
3359	3594
3917	221
4030	2366
715	2521
1050	2112
1638	3632
1639	4049
2021	1243
2861	2431
3152	1540
3346	4160
3496	4204
3811	1514
3885	4154
3985	2375
4380	444
3371	732
3546	47
4009	1005
2224	2711
3730	3131
755	3496
769	355
1185	825
1484	1782
2162	2212
2296	66
2839	2451
2924	4529
2967	1687
3506	1693
3534	3555
3703	3888
3739	4002
4027	1890
4148	3004
990	3548
1113	3652
1170	373
1546	181
1737	3298
2137	765
2316	116
2437	3426
2580	423
2730	760
2994	4526
3921	3181
4444	2612
4469	2649
713	4401
1069	2277
1234	1650
1487	2322
1521	3876
1574	4328
1770	2951
2322	1624
2566	3518
3738	4393
1463	126
1503	751
1839	2783
2977	2817
3345	3617
970	607
995	119
1845	484
3198	3645
4320	2523
4455	4093
4532	1851
886	157
2798	4177
4437	3024
799	4114
885	1943
1190	812
1848	1348
2956	1326
4472	4515
1560	705
2184	3654
2414	2473
3557	3150
3611	437
3632	2423
3664	520
3670	1234
3973	4365
4014	2069
1677	2914
4032	1806
2688	1186
2705	2986
3680	1353
807	2004
1568	2675
2123	4235
2231	1646
2241	2883
2328	623
2831	51
3563	2092
4280	4499
4401	4372
1249	3353
2006	1440
1624	20
1782	3296
2625	1606
2690	479
3411	2765
4068	360
973	1812
1332	2093
1599	1607
2966	2399
3027	261
3067	3502
4028	2982
4029	3186
914	1722
1452	834
2209	3526
2765	122
1462	3375
1547	3757
1670	250
2200	2959
2384	1705
3742	3545
3360	4352
3524	701
3840	1922
3331	1994
857	1108
944	4022
3329	1291
1038	703
1132	998
1581	2179
1875	2337
2138	4138
2571	2933
3849	4134
2449	2154
3465	2666
569	4349
1590	3768
2142	1845
923	4111
2246	1790
2468	2582
3016	3850
3116	921
3196	1335
3432	2907
3789	1058
584	4210
1007	2655
2144	4251
2453	875
2742	741
3009	3761
3388	864
4331	1398
4482	4190
679	4485
1259	842
1497	3931
1054	383
1237	3187
2971	101
3460	4488
4430	3342
2903	1074
1418	3
2525	587
3820	3011
880	407
1600	4330
3319	3510
3660	1671
977	2274
1792	2592
1393	4179
2907	125
3690	3107
622	3448
2588	827
4093	543
1223	2738
1347	2806
3846	2484
2942	639
2464	191
3223	1756
3967	516
3278	3317
4460	4408
2711	183
1803	3677
766	604
792	1323
1070	2270
2100	446
2324	2669
2840	1301
4520	1633
2080	712
2392	2156
3240	816
3375	3716
704	1360
2604	3083
3464	1879
3819	80
4071	1213
2448	2493
2508	3852
3731	2987
3032	2148
3161	3113
1046	2672
1745	2122
1615	305
2578	3742
3183	309
1695	4561
2403	1456
2589	617
3653	1526
3699	2642
4494	3507
619	4467
664	4146
3606	2363
575	4547
2182	791
2802	2021
2951	2864
572	4180
712	4489
738	3800
904	2725
1041	4159
1130	2752
1196	3482
1262	483
1373	92
1710	2288
1963	586
2530	3825
2745	1642
2769	3388
2784	3547
2795	4356
2866	4282
3114	3972
3361	526
3512	4289
3525	3079
3605	1680
3890	4376
4289	4171
4400	4509
4421	3709
4544	3683
2850	2386
597	1791
1392	2412
2187	1469
3142	2639
4141	299
1541	670
3174	46
1247	4297
2354	4212
2679	2441
2830	3592
4549	1173
636	1576
4216	1971
4257	1249
813	4452
1278	3039
3775	2559
593	3044
642	203
680	2820
1423	3191
2009	2705
2281	1051
2350	4230
2680	2444
4039	2760
560	1474
1143	2108
2018	1031
2411	3447
2423	2780
2716	328
3627	1743
750	4353
1055	1011
2141	2125
2349	267
3456	4321
4007	2753
992	3118
1405	2836
1856	3441
3024	3538
4066	2389
661	4103
2186	357
3545	2293
3706	3956
1569	3437
1855	3867
2305	362
2637	2469
3564	2557
4057	3939
2065	1100
2425	2676
4211	3253
4423	4354
986	1885
1163	2568
2072	2819
3507	3190
3900	608
3772	4319
4208	2549
4262	2084
4269	4077
3770	1833
3959	2539
4387	3272
2710	4187
1711	1919
3644	697
533	2320
2372	4367
1324	2980
2713	3411
3926	1732
2175	3264
3303	643
3652	2607
3808	4012
3872	2574
4114	1484
4441	4143
745	4363
844	2378
1180	590
2387	2709
511	399
549	4256
1085	2087
1923	893
2348	1533
2438	2260
2808	4446
4153	1717
4170	3883
4553	2575
780	4402
1207	3470
1356	353
3084	2173
3760	2643
4085	3750
3812	1998
3682	2712
4218	3663
1275	1711
2342	3144
3401	696
1784	2138
1932	1696
3029	39
3871	3367
4022	2502
1258	35
1862	4507
3453	3422
3868	1768
908	4551
945	4537
1460	2680
1508	4357
2891	2757
1344	931
3625	4305
2645	2815
3895	3776
2628	2740
3909	282
4420	820
4500	3622
2462	4358
2944	2926
3267	4497
4306	897
1087	3225
1540	1754
3586	2354
4311	996
982	850
1005	924
1068	1056
1678	310
1940	4521
2608	3127
4390	2846
4486	2439
4025	1110
4270	2201
3579	1430
4327	1337
625	1163
2523	4008
2806	588
3179	555
870	1229
1486	452
3216	1393
3961	8
4283	1652
943	4080
1469	45
3788	911
3949	2193
4436	2267
1837	2426
3614	2427
4272	2241
1661	2243
2569	3208
2106	62
4481	4140
2973	2762
2718	750
3592	3050
3969	3266
670	2957
611	3598
2954	1160
3784	2462
620	3429
722	2994
1407	1638
3349	494
3943	2064
4067	4069
1335	2991
4002	628
4525	1613
2118	3898
2469	4113
3046	972
4187	1195
1147	3560
2383	1482
1432	2677
2270	3096
2584	389
2651	2930
4206	3327
3646	349
2481	3918
4538	2464
3001	2535
1043	3787
3091	1014
3691	2771
2855	3080
2778	216
565	3416
1279	962
3585	722
3090	2155
1918	3907
629	2583
862	3998
3721	1513
4335	4081
1114	1359
2432	1072
2720	625
1364	2214
1537	2131
2744	2547
3000	2061
4124	1669
4557	3396
3370	809
4292	948
4110	2889
3129	2739
3744	4224
4017	731
3299	1817
4000	2718
4134	2778
4177	1016
3934	12
2565	954
3548	3338
4130	3263
3153	3591
1301	1720
3245	3125
3708	1012
3924	3262
1034	1141
2467	1839
3523	1127
4204	3775
4291	2591
4474	1218
776	3119
3399	1788
788	3413
4219	3648
4150	1996
4192	1487
4458	3192
630	1192
2573	169
2577	4440
4360	2586
2045	254
3451	3486
663	2690
1417	2264
1747	2146
542	3937
4245	624
4286	2259
1193	4043
3555	1150
3457	3049
3933	3608
550	2251
1764	3721
2042	1501
3231	3987
3950	2397
1089	3760
3290	459
3852	1883
4396	2983
675	3354
1893	274
2790	4503
3719	1242
4051	2117
1382	952
1554	3428
3112	2734
2189	3745
2981	3875
3256	737
768	978
1330	2287
1843	4133
2067	1064
3247	1635
3288	1222
3830	3306
969	3744
1059	1446
4128	4253
3866	2219
3364	4309
1465	4559
4512	426
817	729
1950	3101
2547	1715
2878	3454
3639	2303
2370	504
3075	3811
3113	2425
3023	2512
1699	1214
1705	3242
1346	3763
1517	533
582	2310
1118	736
3076	4449
3728	2009
2858	1923
4147	4240
2914	3735
681	1823
3155	4200
2427	2147
589	1779
1361	2035
2276	2625
2396	3029
2895	808
3827	3615
4328	38
3378	565
3750	3680
1381	1086
502	902
2154	1
2622	1046
2817	2189
1799	632
3752	3105
2482	1050
2243	4504
4393	1750
514	4419
2198	594
3118	871
1184	1004
1749	3337
1924	3566
2223	1778
3471	4386
2211	578
521	2126
4403	1531
1686	2167
2917	545
2978	574
1131	730
3007	1367
3215	3905
526	2390
1871	616
4223	2686
537	3365
2823	77
926	2713
2434	14
4075	1813
4131	4541
4158	2909
3372	404
3314	1886
4154	3668
1412	4409
2300	987
2964	107
1662	1184
2741	74
4193	2961
2568	4125
686	1847
1404	4340
2114	1024
2490	2268
790	3232
2366	1648
4467	3308
3447	2373
1973	1955
573	1488
1543	219
2151	1374
2615	100
2896	2475
881	68
2646	3604
3093	4057
3958	2932
1961	2525
3121	1563
587	2007
2561	352
2787	2316
3135	4530
2150	950
3477	4195
3902	1106
2077	218
1482	706
3385	4293
2417	4168
637	1794
1388	2898
3394	3983
3724	456
602	4032
1619	3246
3022	3627
1853	1502
4274	4433
2812	583
3618	2055
3782	3630
2671	557
949	1631
3535	2773
2373	384
4439	1587
1120	2877
1652	1386
1421	4525
3850	3038
3942	2186
641	81
4318	4490
1650	3347
1520	2906
3082	244
659	3784
3207	2151
3765	1579
1579	204
1033	2728
1062	3764
3993	2786
3328	4472
1496	3295
2293	913
2540	514
3610	3830
3642	983
4509	1152
2501	3980
683	2252
2950	3914
4345	252
4562	1476
2283	2730
2428	1356
3430	1397
2369	1584
3263	2656
1635	1953
1907	2908
4300	234
1360	1524
2470	173
3376	4132
1006	109
1515	1455
2333	605
3049	4062
3094	1425
4359	1632
733	3658
1832	2446
1990	3147
3663	2206
2410	3451
3906	1539
954	3634
4278	4264
804	4213
1197	4007
2844	3493
4447	1904
4457	3575
758	3260
4076	1197
1700	3133
762	2419
1934	943
1287	1364
771	672
3517	3149
2146	2805
2919	4107
775	273
2268	1945
3258	3708
1186	4508
782	2346
1549	1920
1947	1185
2801	2123
4104	1900
3710	1130
884	3203
3384	1928
2838	4517
822	3281
2242	165
3870	4450
2672	1963
4049	2800
834	2237
3991	3346
2901	2943
2160	1461
851	3425
2210	144
1868	2034
871	3140
3434	2308
1987	2596
909	2071
913	242
4321	4153
924	1674
930	874
2835	757
940	275
2382	3219
3272	2703
947	2467
1995	2449
4265	3487
1567	560
961	1555
3264	2284
3717	1567
968	1506
974	4205
3995	1597
1189	964
1964	1231
3837	453
3283	2127
1400	1714
2928	3941
4521	363
4314	1936
1384	338
1076	870
3554	2791
1081	2701
1082	2542
3344	1611
3922	2279
2422	519
3282	3273
3964	3659
3574	2830
1111	709
1758	4155
2487	3415
1136	1645
1137	3216
4487	1159
3986	2923
4079	4378
2935	463
2416	843
2737	3752
2857	2922
2704	230
1177	4310
1203	2153
1658	3002
2191	3828
3146	2733
1256	1402
2824	1303
2259	3933
1282	1588
1291	1592
1295	2098
2649	2066
1314	3210
2104	2863
4191	4148
1351	2687
1352	1934
3616	2349
1354	1551
1366	333
4498	1545
3888	3885
1396	3730
1408	618
1598	2921
1426	215
3262	774
2048	4038
3497	4233
1602	277
1530	286
1730	1558
1559	345
4013	2102
2215	4435
1589	4247
1594	663
1640	2958
1611	2203
1618	867
2166	2631
4440	2603
4173	3642
1633	29
3681	2150
3700	1439
1667	4519
1684	156
1945	236
1697	1076
3511	3759
3300	4527
2629	3522
4162	2751
3624	1745
2426	1598
3351	1117
3753	664
3551	2844
3795	208
1808	4464
2147	1662
2534	1554
2592	1153
1970	881
1933	650
3175	1437
1998	4110
4097	2196
2069	1494
2094	2278
2306	3504
2618	307
3202	4361
3021	358
3291	163
2173	3799
3377	50
2771	93
2289	1695
4408	3871
2303	3379
3052	2798
2633	301
3987	466
2488	32
3815	3014
3209	3964
2657	938
3486	2554
2756	4266
2766	1027
2816	4555
3242	1142
3038	961
2947	4410
3617	1821
3910	2056
4428	3966
3169	934
3188	635
3445	1975
3715	4028
3489	2862
3386	3689
3442	2599
4543	1284
3709	3563
3759	1747
3998	688
4523	1256
4334	3479
4122	980
4533	1415
2827	1435
2262	3840
801	3167
3042	1103
4003	2870
2998	515
3438	1094
3881	98
2177	2136
2678	856
4139	2658
734	4020
2549	979
927	1164
3233	1198
3785	2448
3590	2715
3366	3778
2107	297
4527	2616
3015	3387
4350	4066
3641	167
728	2784
2377	4426
2938	1950
1073	3687
1015	4182
925	2931
612	4136
2920	4237
601	1908
4099	1676
1224	3696
1363	944
2506	2508
1403	2076
2149	2855
4209	3957
3537	3699
1492	2254
3044	3103
