22721	1040
13971	2901
4000	3269
19609	895
9943	1148
16101	816
19234	2410
6389	4576
18013	2511
18444	4101
5240	3552
25287	4380
4261	3894
5346	166
5355	2139
5162	3676
11865	149
9987	1570
21027	853
6726	3380
2569	3505
21634	1743
25172	784
17850	361
3725	1607
15353	410
21931	525
10765	758
9127	1868
12803	3075
15523	1090
23720	2011
9964	2390
16010	1789
19444	4206
1556	4199
9491	3104
20174	3501
1738	239
2952	444
18314	4193
3526	3209
23757	4720
20035	4984
20515	3391
14344	1278
16967	1364
4180	1209
12802	4090
6627	1520
23880	803
938	4018
25211	4921
13929	68
5302	266
16486	4236
15227	4893
7579	938
10967	3293
8147	4142
23687	4706
5510	605
3683	2745
5577	4487
3824	4080
9712	2154
18225	1073
231	591
22105	2423
11445	2022
7636	4923
3068	2469
25975	5105
1958	1309
15455	1463
16882	3527
12291	1974
2981	4834
1825	3759
12659	1422
16106	2407
20924	258
14844	4312
1375	54
9094	3560
21718	1427
24732	4823
7716	145
3174	3379
16162	1312
15585	600
24506	3458
2926	2657
13385	1630
14376	1814
11183	943
4269	843
15251	689
1281	4374
9800	886
546	132
7578	2622
20309	5166
851	2480
10539	2932
21322	2142
17022	3529
11898	2777
21949	5004
13490	3920
15395	3331
16521	1163
15159	174
2074	725
22779	483
9397	1277
13683	2739
19059	694
25236	3346
1074	710
24861	3533
16278	3061
20479	3296
23950	2279
13526	4092
24	2399
24334	4617
12118	150
21723	1537
18447	3261
1969	5155
21754	1344
23772	5139
750	3645
15971	2495
10878	3543
2806	2730
21696	2387
17122	3927
14370	1802
2124	3208
22376	425
2993	2088
3655	3585
17612	659
25931	247
22129	4131
16570	3878
16837	2485
12380	370
13013	1811
12627	1614
12113	4990
8231	1966
4263	4187
9273	84
20004	2488
18580	193
1550	3037
9962	4381
18196	4567
15685	1880
23385	1996
18388	5087
10432	4651
17851	5211
16065	2749
25644	4347
6556	2759
16648	4145
28	4562
23266	2403
7309	3395
19060	2459
14351	1029
13619	2465
1090	1665
21650	1032
18585	2466
8150	2716
3916	2594
17228	1774
17939	351
8891	5167
11502	3881
14265	433
5081	4394
8448	4088
7039	3303
8156	3396
5446	4947
7280	5164
17240	3034
14020	2193
140	2982
6355	2814
14497	975
269	3437
2155	782
22426	393
1878	5189
16888	1623
4265	4569
1311	1894
1823	4237
21776	868
13705	2558
21621	4292
2307	650
6913	2320
12085	560
18337	309
18344	2529
23248	3721
4015	858
3293	1847
22415	188
3066	651
14174	4262
8704	3960
25181	2424
11965	4200
580	574
5773	823
21712	2646
9895	382
5843	3388
3532	2765
21596	4662
20344	2503
299	4261
16554	2476
1292	4699
22489	2633
21029	3434
15516	2843
12504	4724
12046	4116
24113	1429
12696	3571
22900	76
14976	2781
12704	4467
20106	2367
16853	3002
14373	4094
18003	3188
6506	3488
15150	4333
22119	2949
25114	3805
8774	2389
15899	4799
16891	4653
15962	5099
10497	2734
6159	4484
12614	3806
22246	3145
26021	3874
14990	5104
18758	1126
13096	1003
11109	2910
10439	1904
7811	1166
6301	2870
9710	86
4554	343
8973	2051
4575	397
21130	2202
20562	477
8595	904
6806	3605
12665	1371
7615	330
23856	3493
16230	3553
21162	1907
21171	4872
8378	2971
8151	3521
22961	4792
3418	1667
8851	814
13292	1975
6631	2802
20215	3398
11811	2271
25086	2906
25050	2662
19608	4630
22975	1887
3239	4341
20568	4070
10467	3148
15306	744
25615	3114
21847	482
81	1708
24503	3326
6387	2094
6825	881
4975	1821
25676	4182
23161	2402
920	2337
3750	4141
25852	4780
1279	4067
21579	4641
23771	5018
24762	1747
13628	4756
10354	2208
23488	3619
20319	4890
14560	3781
8612	818
13068	2117
10433	4301
19642	3312
2247	4826
1322	3241
23151	213
16607	705
17467	3245
23476	3542
18067	1710
19208	4158
4106	4913
6858	1576
4115	661
18415	2819
5838	618
11891	274
11011	2900
5529	3265
8222	966
25937	2457
11470	786
18453	1074
26	1353
5352	2595
4116	5220
24412	3416
4759	2227
7459	59
22990	4543
15683	569
25234	3358
16348	4004
23219	3912
14599	931
17309	1573
24728	4040
16368	1151
98	5127
16958	1542
5469	2786
25235	2204
18366	4477
844	4448
16123	1823
17359	1550
14872	2131
13966	1755
14652	3464
1013	4763
15641	4882
16756	3966
3279	4785
15562	2100
2785	4462
16102	3703
16611	643
9189	5120
11902	3237
2350	3418
7053	4413
12743	2645
15552	828
10640	3807
16070	3249
2250	292
13717	5009
743	820
25516	1274
7267	5165
19677	2109
16609	4987
14374	4280
25904	2644
6190	2362
3716	972
12302	2807
16675	2984
20320	5103
23066	2824
8786	1848
3827	902
18745	1125
25614	4709
15659	468
8077	4606
10561	4928
15799	2174
4877	1505
8064	2583
12641	2116
10549	655
19150	1604
5659	1584
22901	4103
8877	3447
12423	3592
10355	3290
7449	2316
21433	3297
25870	3350
14325	2178
24240	2797
1817	1606
17589	551
18579	602
13616	3263
24559	157
6973	4399
20827	1374
22964	2847
16823	5094
25582	1306
937	1
8443	3899
7882	1393
17655	471
2504	2047
22083	4125
20914	4393
3821	2830
17273	2804
15423	4886
7475	2195
179	1472
12971	223
853	3247
15244	333
4371	3508
7098	3696
20776	4456
6884	4762
27	4336
21799	3511
19931	4493
11733	1876
16353	4832
24140	2289
3033	2887
18628	4917
315	4194
10158	65
25662	3551
1963	1546
2118	3836
2917	2581
23107	505
16006	1156
7524	4122
19081	4339
22312	4900
11903	3978
11700	1875
23870	3236
20001	831
20513	3828
15247	3808
11631	3690
22464	1488
21184	3698
12798	4276
12547	2419
25059	4788
17984	3121
11964	587
9126	2920
9360	864
25596	4952
19687	4282
23689	1523
15666	2301
8307	4946
24121	3171
18158	2350
19870	123
8517	250
20303	1824
6175	3255
17308	1365
25911	2425
16576	1764
6465	317
2622	2813
16224	3710
1289	4137
6024	1449
23943	1555
12192	4812
23382	434
2142	4062
25382	813
8200	2806
1073	2569
14175	5034
19324	1698
26138	1139
18288	4877
1520	1519
2783	1783
12981	1244
15943	1459
8857	4129
12885	3593
24582	2205
17290	3421
16312	5025
3206	4548
24330	2296
3452	3460
18521	1766
9980	1253
9831	5085
20716	888
17297	3996
9889	596
23727	2237
19457	3378
21809	4609
25180	2907
10317	3929
23095	1216
15829	2406
17755	3280
24453	337
5492	5083
20316	2133
9630	4253
17878	4196
2623	4076
23775	4470
26181	1553
23915	3620
14534	897
7824	740
3119	2852
12122	4831
21314	3946
10679	4716
19980	154
3178	209
106	912
25319	1026
12213	5149
17937	3972
6266	2188
6179	452
5060	3088
15416	1729
1321	1895
19806	2252
19064	4942
10936	4703
17016	3528
14894	4852
10178	4711
13702	3336
782	4891
2055	855
3409	638
1976	5117
5660	4689
2295	4334
8888	1680
24002	3056
15623	2355
1915	2940
4632	532
4354	2013
7525	4087
17825	3226
7010	3999
16937	1673
18920	3078
17235	3207
14870	2130
14498	3018
23429	43
3939	679
18396	2107
9721	64
6023	371
4702	1348
15194	2354
22224	2497
23866	3570
5083	4174
4298	2069
20003	2312
13346	1693
9335	2203
9184	998
20236	874
20925	5135
23304	2253
21653	2194
5548	4482
22603	2223
20654	5088
22082	1386
5255	2168
24640	3042
17039	2861
1278	1268
12611	2993
312	4108
21409	2968
97	4316
18633	3677
8925	3686
4199	3831
25849	4527
17015	3942
749	3027
18397	152
14090	151
12312	3872
21995	1298
5408	893
23084	4491
5466	4883
3839	530
26005	3423
20345	3432
17503	5181
15846	358
25486	1352
17665	2440
17163	3267
1427	3746
18681	1225
25205	316
4511	448
13415	5136
7446	3345
12612	4157
9053	4723
10872	4250
8876	1682
6532	768
25158	395
21657	261
21550	4030
26141	1229
5953	1433
18613	4156
14710	3048
23909	706
19149	285
364	3160
20315	992
21811	3490
20599	2584
6971	1120
25204	1492
3099	2895
17764	3110
11641	5074
2072	2190
6914	4577
3522	4864
7091	2890
14123	320
20792	3737
12587	1533
25271	186
13653	1999
123	3556
12051	3591
74	5141
19143	3903
12130	1145
15800	5191
9314	1973
11924	905
2516	3360
2852	1968
16128	1648
8408	1557
12161	3962
357	3975
1968	3566
2656	3780
21195	3844
23616	3579
4798	2642
12308	835
25304	1950
23529	2563
894	1413
17277	2120
4451	2298
8403	3397
26013	3071
8513	2649
17343	4293
9147	2506
18557	3655
17440	3483
639	278
15435	2559
6380	3274
18603	3866
6305	2128
5260	4046
25480	2330
7013	2095
22937	604
21101	4299
11231	1340
12453	1483
10818	4950
15942	3567
11325	1930
26022	4590
24128	5079
6732	199
8732	1690
21755	3457
25668	3320
6810	606
22378	4042
20774	543
1765	263
15200	3684
9338	2992
11491	1420
5062	2976
4466	1098
25159	3910
19179	802
10391	3162
822	4935
8219	1370
12745	4177
18899	1812
19061	3561
14621	4629
8072	513
18608	5161
7278	3778
19018	3897
6431	575
19379	2186
9639	117
14864	387
22051	4264
10458	2899
7774	1994
23424	4963
409	2513
7863	3201
20668	4139
11030	3940
15358	5031
1356	877
3927	678
4195	1530
7046	3047
26159	846
18399	2571
16754	2693
11015	302
17935	5125
16358	4937
21592	3465
3851	4648
13364	664
18152	3337
16155	3494
833	4585
25043	4524
2329	4598
13521	3810
22954	3268
8721	546
16728	4966
23836	2346
24722	1657
4211	767
18194	5005
16643	4983
260	913
23552	1889
19089	39
11821	2376
16817	1439
22696	2969
2797	1972
10898	4372
11197	4450
23063	3113
19703	2753
12074	2692
14337	2169
21159	4058
3105	4317
6868	4086
22793	723
15805	2103
9391	3733
20532	124
676	579
16594	539
11465	4342
4021	4589
3814	3587
1107	4398
7712	61
1776	995
8308	4409
1493	3672
11037	4833
7194	2815
23622	3238
12248	5126
3594	3461
5848	1480
403	1318
23863	2615
24340	2008
11899	2606
20787	2799
5564	56
5809	1822
4264	4782
14648	1065
1560	4683
5828	4357
7713	1984
11868	421
17923	2793
6888	3918
16766	32
18174	1227
17124	3754
12676	4844
11405	3106
8208	1196
5631	2470
2557	4825
22599	2000
1829	1475
953	1023
19724	2411
885	2135
20084	5047
7511	1380
18008	1995
369	3875
13026	925
574	1118
11815	2618
15609	4610
1611	3439
13035	4014
23233	3180
17294	775
2568	2894
14619	2446
10514	4267
7829	2050
17585	4624
21324	1423
16890	2939
22826	2498
19553	5097
9890	3257
17599	2496
449	2417
21024	4594
12640	4298
18487	362
4355	1051
2201	4867
17245	1554
19624	1308
16659	1696
19517	2392
22048	4476
6702	1940
19164	3031
3207	2333
2075	1900
5209	1602
15880	1438
23038	353
13483	3639
20813	3799
12710	1064
17443	1559
22	942
25958	4114
400	3011
4966	1432
17389	36
12050	5235
23480	4303
16177	3087
19445	1111
82	4802
25875	4509
6544	2017
25864	3835
22888	2404
1498	2886
15329	952
9713	419
22046	1538
4515	822
3607	3028
16131	3607
24272	4920
9306	833
25721	1970
19640	20
2306	2042
8305	1367
13034	4796
13999	2628
5579	490
18370	4241
13387	4474
2559	2535
5061	1316
10879	982
9871	4327
15396	4940
17233	2210
21806	1581
4870	1962
24023	629
15479	2484
23805	1890
9832	4161
22816	5163
12296	2138
26088	2189
19962	3133
14379	2098
6904	2683
46	436
24294	2877
23168	3797
18549	178
3593	412
8367	1707
20375	1842
20803	4766
13528	751
23577	127
267	3729
8224	1121
4052	3228
20317	1317
13834	3649
9432	1738
25534	3694
3362	4855
21588	1394
14842	4911
20030	3090
23751	940
4081	4502
23681	2236
23920	1161
18941	2073
1258	2444
21187	4518
11182	974
1992	3481
20553	2904
21206	3550
16820	4255
15891	321
18946	1291
22375	3139
1383	4934
18159	3668
14286	2276
25108	3603
13615	702
25231	4768
16953	2233
25080	498
14339	5162
24199	129
9629	3117
20552	2903
17187	350
5555	55
20943	5043
19974	1913
25230	5197
2303	4506
9038	5148
5216	3420
17439	307
25569	2462
23652	4304
11622	4423
25491	2914
5608	1397
18540	93
23730	3414
16649	1009
9649	771
9387	1332
2293	341
11493	1912
25152	3128
8365	1641
25408	277
5485	3235
1194	3484
23986	1295
19109	1543
3312	1911
1658	218
14403	1735
12616	3886
8336	4772
6524	2077
24477	1839
8446	2043
25998	2879
24032	2592
9264	1525
25094	2357
21944	1653
23471	4544
15959	24
12551	4377
16281	4039
214	987
21613	1661
25449	4350
7506	4000
18154	3341
12763	894
19877	3442
10657	1144
24594	3821
14854	1949
12193	4516
3804	2125
23723	2118
25115	4779
22497	494
10522	4927
3684	4387
24127	3986
25006	969
2215	4817
5601	2343
7023	2096
293	2757
8087	1088
15977	3334
5425	3707
6375	190
25565	735
17307	4556
2630	1731
1347	1951
10446	3678
19466	5077
13677	4876
1967	4695
8715	1300
4364	1110
3171	281
2003	4238
19957	1807
19585	2049
19252	4458
21563	2212
12874	2627
17157	3051
19683	4632
2169	3063
9785	118
23441	1130
24133	4713
25856	3915
12801	4884
23363	647
10247	2871
25597	1678
24439	4363
20332	4759
16470	673
18924	106
20108	476
23267	2663
15850	2221
16262	1832
12512	5059
25436	197
3618	1237
9441	4208
831	5060
18237	3285
17951	4584
19922	136
15399	1114
25289	528
24753	1914
19140	1259
18489	2443
7594	2201
16483	4619
787	4814
7485	1285
7093	3135
5262	451
21190	3954
15580	1184
14499	3431
8589	1771
24819	2114
17999	4191
20229	1856
17266	270
21339	4367
16900	3144
13556	781
23300	3976
15252	3403
15250	3630
25354	355
20618	2281
5059	3467
3228	2758
10763	2171
6337	1793
10923	2375
19961	475
8530	4134
16620	4244
4468	2896
1408	2504
18511	235
25482	4979
3058	2617
4252	3491
3297	4846
16963	2750
19383	3904
6891	2002
18160	334
3197	1769
2123	4765
22278	2522
2304	4944
17385	322
25439	1412
8871	3122
4377	2090
25541	158
15209	3119
1229	1465
10253	2181
3754	2829
15917	1106
4018	4295
2563	3663
9074	4219
3188	3152
22530	2036
9595	3949
15961	3024
12733	403
8553	770
7105	859
23154	4202
25844	2915
5109	1499
15907	3030
17453	3935
10652	2626
2883	857
9769	2624
9634	3425
2848	2564
11878	3654
396	3262
14952	761
25598	3757
17580	2105
12460	4311
16261	691
22527	125
15249	3232
22720	4323
23713	3466
7916	4563
5849	2170
13320	1976
9419	1390
11108	4021
14982	18
6434	1586
365	592
24696	96
5445	4388
21658	2838
13711	2608
8526	3536
19222	4402
2202	2206
25595	4789
17337	1740
3682	4463
10676	3502
8375	515
14093	1879
13010	2164
8409	5130
4125	879
10524	100
18365	1203
5606	243
2752	280
19443	4445
4380	3965
1908	4245
20148	1408
21032	2422
8282	1963
3631	3124
13641	4285
379	1493
6307	5052
7103	1627
2490	3097
5107	379
18193	1383
9417	1772
6154	2555
24499	3254
5172	917
3812	4078
491	2857
4635	2226
26193	3722
8504	4126
2620	327
25836	670
20258	1677
22834	367
23153	2007
16015	5201
17274	2072
3765	1668
12373	1360
6376	169
11919	1527
13801	871
22421	646
6455	4178
8887	2855
4040	4356
23256	1442
24734	2442
392	675
9643	568
4765	2076
6427	2384
13325	4741
9143	997
25684	1218
13142	1362
21341	2461
13390	4977
14338	5075
19048	2182
2527	3751
25959	1786
12158	3882
11223	102
15625	1105
19612	2694
13008	815
628	4283
11175	825
9616	1967
1172	400
8177	3198
22887	485
19598	4330
19014	4908
11808	3230
2452	4436
23812	5218
17595	3898
20421	225
16971	5158
244	3141
15123	867
115	4717
4259	5054
11926	4171
1599	3284
22645	4896
15414	2872
12406	736
7109	5050
17393	2509
2950	3417
14639	4475
12324	1644
20574	1081
21562	2911
12411	3384
17099	3342
17818	3911
2506	4382
12660	1265
11929	4179
22618	4523
5266	737
16011	3299
17944	417
13404	2097
7719	2019
14628	752
25176	4786
9021	3523
18443	2675
23620	1761
4960	1947
6077	142
778	4305
12017	3958
6364	778
12980	1199
23416	4530
7209	556
5481	3969
17017	2659
19145	5039
12735	2340
13485	3469
12654	1342
24961	3503
1026	3772
1839	1246
26132	3837
16575	1497
376	4242
2331	4636
13680	2038
1109	2925
8731	4426
25537	2989
2342	3359
360	4943
10931	2196
21708	3445
16506	1031
1327	1020
6468	380
4255	293
8398	3182
15668	4708
8310	3656
15708	2101
21149	4110
4186	3885
5546	3506
13740	1347
16802	4722
2248	5131
19911	4533
6583	3314
21608	2373
4276	4677
4631	2690
21016	2953
23916	1612
5156	3853
11842	4358
20663	1686
26042	4583
10906	4135
24479	4105
15187	4429
20783	2547
2877	2942
25917	1263
1310	237
16496	4997
18185	2024
2982	614
9241	1286
6535	4549
4773	509
19568	2487
6744	3950
20766	5111
21125	908
18586	4338
7055	4592
20953	4452
7592	3309
6271	2093
14550	4068
1653	440
19936	3834
2185	1616
15186	2941
2474	2514
3347	4856
15911	1609
14089	808
23710	4760
12709	2674
194	4472
4262	5204
25435	2638
19147	4150
6808	3370
17827	2510
21684	4322
22692	4805
23811	5188
24593	4508
15572	4656
19207	1038
17990	2158
6356	4767
17738	1102
3547	2709
1157	2127
2394	2280
11120	5209
12606	836
26196	1582
21131	3661
7857	3804
10791	2549
8538	4672
3977	1512
5218	680
14770	4847
25571	3363
11617	3433
1728	499
12797	3496
2116	5121
17173	4247
10133	4439
19964	3361
20078	3660
6443	3832
9249	3590
21530	3468
23864	1261
19248	2882
11427	4218
4685	3043
14834	1381
7650	3869
24248	1737
16020	690
17114	4222
17392	2378
15793	944
11785	252
18952	2108
5131	4082
21154	2943
24252	2415
15258	3019
348	4688
21998	3362
17472	1954
15695	4819
4431	1827
7801	806
21779	3325
14171	5238
4034	5064
13422	1988
3321	2868
24210	3981
22920	4639
25440	3923
9312	4001
6830	453
2846	47
23224	1568
12287	1462
11528	4232
5415	2755
4245	5092
3387	1796
19168	872
19446	1077
1029	2809
22917	1189
17797	1405
17178	4596
25729	2647
10672	5058
17778	809
22730	4873
7802	3371
23708	273
839	3695
20560	3945
10969	1540
15596	3076
4458	1478
25674	3246
14135	4119
2203	2200
21629	1084
4847	3367
245	2255
12618	4414
25783	3298
14638	1534
12365	458
5672	739
11047	1670
5409	4808
14807	466
10638	5145
19507	4275
1254	291
11910	545
10841	16
13012	5042
3037	2153
21910	617
25980	83
17924	1945
12334	799
12338	5190
1376	4681
11579	5132
5365	863
13388	1564
15663	1672
18790	1107
18381	2578
7264	1103
9023	1642
23513	2224
23096	1501
12286	1368
22894	892
16730	1806
16892	4601
1962	3776
25383	3356
16324	88
24699	2791
9248	3779
21220	2851
16803	3386
18884	3547
23554	4492
8254	1506
2593	4300
14357	2528
22979	2126
19738	72
17991	2643
24765	3194
19569	2472
12720	1932
4382	1228
9482	615
8702	3667
25660	1927
5477	3822
18208	644
19890	1515
16553	2844
19801	3723
24490	4525
7991	653
19023	2184
6941	283
18741	1406
19493	1440
7025	1041
1699	4505
11640	1333
6575	921
15005	548
2243	3673
6081	3576
25379	1205
24034	3132
2004	2831
8261	514
8801	4168
21293	4183
21344	4542
18297	1711
7206	1284
4278	4925
19880	5223
19583	4319
2119	3624
21861	2029
5851	2230
12053	3216
1982	1476
19781	1712
11426	2270
19378	4314
9983	2299
2144	3581
23758	1656
887	3424
20207	1599
17082	2587
20427	734
5360	3486
22577	3922
9269	2360
18649	719
14868	4868
6421	1119
23967	207
14384	4582
25667	5169
24601	4065
21777	3374
21614	2632
21289	3404
3032	265
15145	2099
13493	1714
23809	3913
1344	4675
5839	4810
21313	4519
19739	4069
20173	3227
8312	757
16336	3294
15669	3120
8054	4968
22318	5151
2143	2934
14661	948
20002	2967
17559	2479
12842	1036
23470	1180
22791	394
20495	3443
8534	5010
1104	2771
15941	1921
15687	3902
17149	2733
11017	2979
23420	2619
358	3725
17006	3742
8523	2950
15365	1535
16694	589
16703	3783
408	3648
25286	861
21191	2832
24589	2534
9138	1855
3442	3674
8710	755
23912	2266
18375	1864
3063	1247
15938	3108
3948	2736
12311	1818
17819	4097
9283	1222
17019	4049
14130	4841
19509	4704
18095	717
24614	2597
18278	4248
925	4185
2368	234
888	1518
23241	2111
2556	804
17001	2508
4427	4835
15311	1757
6892	713
11816	3930
2710	264
23110	1160
13659	927
25510	4784
16225	3650
24932	1508
22827	5200
22693	1158
5184	3322
20707	5228
26102	4794
20191	2228
21832	155
25209	1019
836	1376
2328	4771
11199	3516
19469	3100
677	4586
8476	2933
12865	3158
17592	3077
11132	1197
9450	2309
25585	2374
25948	578
18066	4290
15608	2552
17174	1944
7311	3813
6919	3577
930	2321
13970	2884
17468	4783
1403	1528
11876	774
12739	1563
23225	2744
8728	4006
16945	2176
3345	2238
23939	290
16941	3992
21468	2429
4642	1328
19131	390
1430	1896
10039	608
4183	2998
13334	5023
18783	2902
22766	3796
9149	4888
21028	4480
11016	4951
8738	5022
20129	1343
193	1338
24148	1181
734	5001
13067	1681
2560	529
14316	2853
9723	3272
1594	1445
21199	3003
17275	414
21848	1808
26006	4710
22734	1425
7357	2018
5256	5198
19956	4464
20216	4982
8352	1965
24129	2768
11638	901
4822	219
18971	312
21705	899
13199	2483
8730	2702
10677	3939
14543	4230
22980	5036
9994	3838
21142	1790
23901	2468
21340	3867
19675	1486
10081	3224
1006	1787
19941	4798
6911	2494
20926	4743
1116	1113
1023	254
9913	3572
15706	4454
12637	701
18592	1628
9504	3130
3965	1860
11215	5175
20554	3373
12473	5086
3633	2520
17113	35
1916	4451
19521	5241
16415	3050
10117	1800
2339	3820
8768	1320
10463	2240
7893	848
1010	5194
15974	3315
4293	3769
4755	1052
7586	3504
10002	4580
18612	2409
19219	1741
12151	4546
11630	1874
8185	4996
1499	3054
10113	1143
17396	1138
21710	5150
45	435
6411	511
19723	2704
25228	1778
10550	491
4138	1928
8541	2775
19107	841
23461	4848
14154	3409
4286	4865
22108	3375
12712	2965
9313	1059
17382	2974
21927	3713
25962	3841
25405	3419
18605	1934
18517	71
22074	699
24159	4678
18000	4100
4425	3777
24705	3062
4748	294
10500	3907
16485	2577
3186	5028
2784	3708
19945	1013
20170	5160
19351	2198
5486	5229
15108	1363
24402	2297
15388	4120
921	1933
21438	2244
1386	238
5246	99
20702	1469
15171	3845
20940	3763
2936	2207
8968	1788
17118	3335
17583	3332
3100	4510
10351	882
22023	2152
15401	5090
3076	1050
2750	4138
4141	3277
17731	2452
7844	557
11537	3538
3323	2191
13813	2500
7045	1703
19510	4705
26127	1471
7584	2972
2476	4431
25112	1923
16280	3609
20422	4820
3748	5180
18905	2211
3067	4441
6804	1307
19784	1351
6442	2081
21830	794
6579	4550
11372	1924
1782	3809
3852	4422
8557	4408
4656	4566
8452	4325
24431	964
11034	3471
20902	2074
5505	2328
24149	3147
9208	3524
6541	3013
18097	3647
7072	3256
18037	1569
9717	5066
20942	3453
11823	4755
114	2800
24733	5171
2356	2600
9735	1137
11148	559
19102	4349
8074	2061
25062	4995
7450	201
23051	1327
9025	518
4771	295
1668	4443
20122	696
7197	1055
3850	3435
22265	2143
8178	2249
10134	1611
18151	4895
21333	3399
482	408
16801	1662
19551	3739
4782	1952
4836	4631
18619	310
17688	3159
2879	3743
19110	1871
7895	2039
9211	5215
12498	687
22487	4172
18250	2666
869	1236
21450	3689
21544	1749
2742	1859
12806	202
2255	1637
16511	2175
21169	2954
3599	4840
8739	4777
6300	4607
25977	3974
11719	2451
18445	2928
8614	1096
15571	2728
2789	1666
22436	3131
10056	4976
19161	1042
598	3994
22197	876
9458	48
19712	4593
1995	1045
17696	4881
3194	2764
17824	4099
16940	3169
1727	878
7853	2780
7546	4225
284	2383
7095	1854
19502	5179
23465	3993
11623	4903
22879	3275
22032	2874
16741	176
17207	205
21157	2177
12507	1063
24816	4326
17724	4112
13	4748
10024	2082
9439	1495
14067	730
7355	2527
10956	2543
13220	582
4267	4682
23614	215
4708	916
6073	2795
18276	840
13369	2711
4704	4167
9922	2048
19012	2273
26180	4941
18215	2881
12141	119
8881	4986
2087	2086
15999	3597
4144	5016
6703	3074
8725	5107
16083	829
7265	4975
6774	585
22242	2579
2182	1687
11911	4999
22770	1456
15259	4687
10026	1178
19562	1834
2487	4642
5973	4829
7772	3895
8195	3015
16931	1536
3430	2239
23293	77
2193	1574
15192	2071
18623	194
10055	284
14346	2712
882	2885
9867	4774
26178	1267
4422	2525
6708	3520
15160	1589
15007	4348
18210	1258
26168	3283
10153	3118
16484	1987
24204	3181
18596	5017
12414	4361
25116	3987
11052	983
19093	1697
7695	3701
18161	2568
13620	5024
866	3225
7625	2604
4713	763
11967	3324
25069	3716
4290	2805
2712	4612
9392	2413
23490	2839
7245	844
11102	1272
22811	1886
6390	1498
8641	134
24251	3782
16647	2631
11642	5196
9194	1401
18488	503
26098	138
3193	3099
17994	3873
17997	522
14003	332
18140	953
16877	1922
12252	4666
7504	683
4793	2842
11461	1562
23145	842
19114	1076
7603	4726
1910	340
7477	4790
3873	1901
12369	3173
14771	3985
6828	1025
12101	256
10382	4978
4967	1828
12263	3400
23558	1552
16747	1382
9124	170
5478	3788
1695	4513
4777	4939
10456	1167
17936	4849
13847	331
14698	2287
4254	2936
16014	4758
4068	1319
21825	3602
6666	3952
7536	4673
4366	5213
9968	3462
19906	4793
14170	4216
24060	1791
22233	4153
3811	3675
15524	4198
11879	4522
23226	4370
5427	2772
320	1444
2184	3569
5400	2766
3858	2400
6265	2812
18036	5032
19545	523
17875	1214
6824	764
18286	206
13497	3823
1595	339
21531	4359
10711	385
13604	3217
8726	3103
21547	2919
20517	1164
19167	2612
24293	130
5366	1608
14165	2576
21558	4633
8216	3016
21017	2808
5578	595
11610	2921
8299	1728
3677	915
3292	3161
18788	1675
19879	4735
11194	2173
17543	1990
11077	1155
12187	2066
6700	114
1620	374
4019	4405
3055	3583
4638	704
21407	1153
19900	1650
22951	1159
5960	4904
22324	4102
24207	4373
1341	2523
11213	3389
2355	4466
17158	2260
23297	196
14037	3168
9593	3629
5634	217
5621	298
17563	4665
3316	140
4989	1479
22149	1337
25215	812
15382	2057
22765	1629
3743	1601
18685	4124
16676	883
12851	462
12056	1000
18102	2865
2762	4041
21548	4036
4955	4806
23135	3009
19380	4512
20893	3983
22610	504
6724	1732
12337	103
8868	2250
10352	3085
22848	890
3073	3032
17681	2083
25492	5068
16830	5015
24718	1087
20333	5203
21436	3618
22929	3300
18098	4511
9715	5065
19527	1350
2190	2923
23227	1117
13558	5146
11467	5184
10513	4787
11713	3756
4954	4807
16590	1805
12235	4130
380	3658
2566	240
23637	78
9018	4279
19955	153
4189	2668
25854	2388
10341	4701
22758	817
13167	4500
17861	3997
11925	984
10896	887
16876	564
1092	4368
4102	2598
14709	1238
9606	4827
9517	1872
11572	619
16778	849
25217	4478
26157	2678
4017	4009
7014	851
19159	845
17162	2261
11828	4650
18065	620
811	866
3878	3702
12032	2445
855	3893
15217	4055
5695	1384
22598	75
547	1474
16589	1636
16056	105
3652	3584
1608	3089
21630	621
5231	5045
23628	648
3053	1858
20765	2199
17501	2185
10588	2593
6629	3449
13318	945
7877	4421
25321	3427
24860	2229
20807	4616
23206	4878
4275	4195
4775	1853
16872	1758
6170	4985
9759	147
25902	1605
8824	1190
10116	4159
6867	4061
11721	4545
2136	3933
4426	4587
17584	2106
17934	2767
24161	3712
20434	4390
16819	3905
2352	3163
18625	2009
24595	3459
22088	3970
3654	3408
21815	1625
23216	4133
7956	454
9760	3289
7999	2248
9659	980
18417	5101
9736	1252
21030	3601
7645	405
8255	4910
4038	5186
13622	2652
1075	2291
21943	1015
24597	4460
9267	3278
2505	2136
15847	4690
6896	1251
17581	3632
2596	4344
25601	82
21221	4231
14967	275
21523	4565
20335	2573
8615	4186
1818	2859
26039	4107
5065	2092
12121	4795
18279	4578
12041	4581
9037	3638
19710	2742
25089	4013
8547	2548
13190	939
13501	837
19297	179
6291	4623
5541	918
14843	4151
15196	3107
19013	1293
6707	2493
11284	2533
6494	779
25487	4534
24462	5073
2526	2779
834	3096
6748	2747
24870	3073
3377	4931
10186	3411
9514	3271
20616	2546
6813	3381
11495	2754
20884	3532
1059	2554
10543	2370
6448	3931
5052	159
12295	5119
492	3519
1028	2774
26004	3313
6878	3021
7384	533
15301	932
21177	3474
18231	4916
21587	352
25496	5221
9090	3565
6076	3812
24464	4773
9130	5192
24592	2588
18634	4417
22428	4384
19580	1039
11712	1421
824	439
2186	3937
10807	3115
7087	2067
3876	2991
21928	3193
12247	1402
5056	3166
20595	181
6815	1844
1589	4725
3164	1183
5730	3402
414	2282
21635	2837
2826	3156
8474	5116
16148	175
7715	1436
10991	3353
11613	1187
5575	2787
22815	3102
20533	2222
9266	4073
22574	753
593	1613
23503	2380
2457	2087
22890	3221
21615	1632
10555	2220
13714	304
1858	711
2773	3091
10476	2516
8395	5106
22719	4321
25575	3621
18995	1833
19810	3719
26194	404
7717	299
18195	3775
14430	1721
4814	1415
21167	2361
18283	3126
15784	121
7885	3738
832	1795
12503	641
11444	1643
16755	1565
18943	720
9764	1799
20478	1108
1093	1908
29	3213
21051	3541
18171	3475
12307	5035
23458	289
24924	497
5661	4268
12930	3959
14102	69
25251	649
24587	1539
22927	4854
16335	3079
7647	4537
78	1504
25511	5069
15882	3410
5441	1416
1854	13
10762	101
16765	2351
19525	695
16935	3748
6009	1250
22832	748
16227	3995
1822	3889
18457	389
321	777
914	3671
7481	2621
7042	1147
23409	2614
8386	3731
18454	5020
10620	2004
14004	827
21583	603
21158	1935
22319	4967
22423	1282
820	2955
7522	1299
19101	2053
339	108
5698	3755
95	2909
6648	4700
10438	4287
14324	2966
17546	3908
23156	5176
24169	4324
5057	3752
11824	1619
4103	3871
23907	496
4495	4753
20952	3038
14540	465
5202	2798
14746	1647
17848	3204
11379	2964
24833	1491
9471	416
22285	4554
14606	2254
5257	5199
19544	3487
17291	4011
17588	4378
6039	3764
11563	319
5084	4175
5468	4730
17161	2660
19871	4025
16022	549
13597	561
8549	516
14500	2825
2010	2580
21697	3990
12688	1002
22245	2258
3999	1355
5067	510
16107	2959
4743	111
25557	1892
21707	365
21288	4410
4135	9
19463	2027
17134	3617
20597	288
16742	2295
20059	1366
2459	3273
11626	3991
10000	1739
18338	5033
9984	3292
22190	3740
11662	4906
23776	2284
2404	636
17141	4351
17285	1152
3283	4077
11971	4922
17683	3614
18030	3637
2558	613
23175	3549
20184	2313
17131	1188
24101	977
7523	4309
1840	762
5794	919
13191	2478
6538	3789
3102	4360
18522	3186
16779	245
14600	2052
22379	993
7602	4945
9026	4668
6172	323
20435	3295
22899	1851
80	3111
19356	2679
23514	2032
20587	2084
3990	1688
20647	1373
6905	2192
4525	1792
17208	2995
2338	1046
22269	1172
4724	2335
23665	1655
22839	1837
19184	1468
25437	910
3679	1109
13703	3382
1151	2866
2054	3286
22188	1884
13175	3149
22100	95
17864	3846
21663	2833
7632	4215
10656	2363
7444	1056
21549	3366
2980	593
18582	3138
12318	4226
11612	1213
18455	3545
12165	2310
19711	1092
2515	4471
8511	3094
14616	4266
1124	2858
1045	2811
4633	2820
8049	586
15665	4056
23910	1304
8471	1829
6576	5048
11539	4892
6482	1207
1667	990
16749	2654
23946	3943
17394	1915
7542	2817
2912	2187
24943	1817
15485	4501
5267	4570
18222	1115
24280	3039
25785	2908
11593	2821
17986	3953
11602	2544
23477	2080
1154	3957
24114	1524
17918	2826
350	4180
25996	1271
26170	1296
16068	3244
4383	1276
8916	62
17470	5003
11861	192
7447	1798
13196	979
6456	4084
11939	2122
7386	1400
9255	1301
15206	2539
18379	4043
24888	5152
10983	1101
16608	4270
22746	3956
19605	612
10412	2849
1048	4306
253	3925
11696	1122
4351	2769
13032	663
17125	3041
19078	3080
18587	2986
15998	3509
13174	2006
9414	4297
5570	3098
18719	122
20243	276
15321	1372
15614	1150
22462	3058
4143	3369
23896	1626
351	709
1405	2707
5490	5115
11416	967
16482	2157
19573	721
25678	4929
15181	4635
6185	3415
24781	2782
13704	3941
12268	1878
16976	1590
5417	3827
15972	1773
6079	4797
14340	1801
11583	4272
18658	2676
16332	2507
15973	3192
25102	185
4774	2055
6963	607
19340	287
10388	2935
4242	4209
18042	1454
24163	1280
17403	2262
19244	2713
10792	4818
20383	3070
24242	5081
21432	364
14747	4028
9128	3436
7985	1175
19807	107
25402	1946
18668	542
25777	630
8719	3288
23918	2267
14009	930
7125	1748
16957	4857
10907	1496
17502	4071
2115	544
8708	2283
11113	2661
14419	464
17194	2760
14051	2209
25060	527
20196	2828
1280	1596
13164	536
22321	212
3411	2434
2754	4973
4146	531
5674	703
8193	1763
5055	1513
25526	4026
3048	2888
25107	1411
3243	1173
21866	698
18782	3307
21646	2231
3944	2416
4868	1964
13990	3815
26173	2980
6675	1399
21315	1455
18182	1192
16858	34
1621	5049
16545	4109
128	1916
24474	4104
9216	1310
11410	5014
14502	4742
2535	1049
22283	3842
3441	402
25057	3239
2592	1511
17968	49
9316	346
17751	716
16124	4615
16729	583
17575	3613
24385	978
1696	3773
7356	4657
17346	4889
934	489
26191	4411
14869	4008
2073	3879
17464	1452
15166	1695
24371	183
3511	2889
3136	4007
4182	1903
7058	5187
14552	599
17822	674
18094	3046
25610	2369
12687	2607
12701	1781
11464	519
5497	1099
20664	571
19111	3175
15246	4757
18676	1521
20031	4557
8047	2232
21727	2613
11664	4214
19489	1127
16265	2720
21560	1517
4467	3205
17330	470
16108	1943
6354	4385
25978	760
18209	2121
7483	3854
25540	3084
18739	955
21012	479
16226	4869
6529	3092
2385	2541
19325	1592
345	632
6669	4836
14985	3212
12788	2023
10884	4830
19596	4698
3766	3586
16084	3065
9924	2776
2512	255
5717	344
20526	3478
8211	1357
13931	3365
6864	220
4634	3926
21031	2303
7899	1100
1561	989
19808	524
252	3800
11611	2317
22244	4233
19881	2977
17293	4707
15081	1089
20433	4949
18970	4862
18600	224
2666	4251
13328	2586
13321	1541
12781	461
10842	3368
23859	3662
5116	726
6226	3760
5503	1979
4705	508
19909	3195
15214	3264
24955	486
7383	267
2239	891
16040	3794
15617	1723
9522	63
23474	3196
15712	4697
135	994
13282	1123
10235	171
20537	4365
5639	1212
16584	3704
4512	712
6288	1939
6503	3700
19866	4670
9093	2037
13498	3174
21713	4850
19657	1441
10880	4647
23555	3376
71	4273
7543	5078
18558	2922
8676	5011
9763	260
800	4499
24616	2112
6010	2999
17626	388
24141	5157
2611	4243
1798	5070
17116	1334
8969	4604
19011	4764
2316	3749
5212	4203
15626	3727
1832	1275
15322	2818
16333	2531
21205	1594
6317	2437
20853	1593
24841	1810
21772	3083
18984	4432
14615	348
5511	4974
7572	4898
24001	1443
23647	79
3451	2737
24939	233
6075	3429
17280	4461
17564	3316
19256	3883
18524	2065
9188	797
4148	3006
22275	373
21309	4821
11114	4337
6908	4732
8069	2397
23648	2823
1736	2685
294	3860
122	2491
2298	5142
21497	1128
9075	1418
11285	4515
17794	949
15559	1392
2133	441
4376	1017
9937	1321
22938	5202
10350	1062
9133	381
17956	1841
8031	3029
17600	4096
2530	1048
14767	305
18677	2386
8037	4628
19641	3646
21316	74
12553	535
19705	3599
13144	4415
19022	1551
5387	5037
17670	2408
1983	5041
3516	4412
20806	1652
10246	1289
6857	780
12458	4310
21391	1767
7855	1862
7769	3333
3199	4274
5166	1779
11468	785
1552	3287
8701	1211
13413	5216
12110	2041
20014	2697
2388	4165
20808	1624
19316	1260
25444	4736
570	437
18667	2677
21310	4521
113	3036
21994	1154
7541	2438
22395	3282
25447	5098
19442	2917
6160	1770
8475	1549
9341	640
8302	1986
22953	2278
9217	2371
10251	772
23989	2714
15770	2141
16264	1403
2532	1977
4302	1548
6835	4277
7958	4228
17690	4354
11718	5112
3209	3191
16013	2377
24578	44
5182	4037
16622	5019
16389	1201
495	45
20780	2028
17075	1464
15642	4664
5739	2860
9092	1482
23686	4052
22507	1314
5125	248
19940	2512
4128	3786
2049	580
19144	2035
8718	685
7648	4023
11054	5108
19019	1313
11459	3862
1511	1377
26171	2960
12884	2566
4550	965
6340	1054
8666	2078
1656	4355
24122	3059
24489	2784
16115	601
8400	4962
15372	4123
9066	2717
24568	338
7510	1724
22601	722
9082	1618
19895	1407
15253	2629
16210	1323
15384	657
16232	4643
7350	357
9486	3537
21860	566
6738	1021
17089	2331
25663	4776
22382	3573
7878	3612
1098	2957
23417	3847
19146	2159
5367	2033
23351	1522
4712	2978
1896	2044
3653	4375
20255	3688
4353	1917
18996	4696
22691	366
20432	697
20064	3643
16266	3888
20230	1857
16568	2517
22021	4659
20100	314
13482	4091
6628	4204
13411	1169
20046	2456
9765	5122
24341	3095
1793	3968
2561	5153
20567	1700
20956	1186
9986	2450
7585	5137
13371	347
15161	3767
13624	1005
21404	3651
23093	3053
25839	4552
2410	2867
19062	4645
6350	4752
19313	3456
23944	3253
23418	4111
22404	4667
12135	1001
24029	1165
24444	28
1674	2477
20576	1082
2870	1959
23464	4346
23412	2635
7595	4211
19015	4205
4781	3318
25470	4851
11791	386
12054	2428
939	3164
8823	517
16331	1466
14662	4144
2915	1547
3383	4430
7026	4811
20328	4271
15664	2439
14414	2948
10824	2251
10559	4573
8815	741
5771	1398
9870	244
4625	2929
23721	700
21638	3444
19350	1785
13319	598
14818	87
10871	2314
15913	4329
5465	1684
15357	3817
21048	227
22790	1777
23511	668
941	208
20543	4366
10910	625
21816	3151
4485	3887
8512	5067
16718	4692
24220	4031
1508	1843
7601	684
14078	3544
15681	4621
17823	4098
8391	973
11107	999
8717	5144
24250	4252
3595	1226
2043	3851
9511	1391
10468	3184
3113	98
5597	2342
2326	2180
12422	626
25599	4693
5395	4188
20149	2263
22891	4561
4117	2639
5731	3347
14159	4257
8976	2447
6863	2140
21929	2996
1675	2616
18751	311
17179	4328
6218	1269
25219	4468
62	262
5571	5095
11012	4469
5626	4406
3853	677
9095	3218
22311	5046
19707	1955
16946	658
6264	1753
18720	7
5194	1024
6611	143
192	4059
8179	3311
11561	4957
17785	4918
8449	3919
22778	1129
8335	300
19221	5002
11829	3826
20949	3768
23344	26
13496	1715
20805	5183
22504	1085
5738	3787
8628	4473
735	5140
4552	1356
13481	2293
9631	4371
11318	1929
16719	3526
21089	1905
12675	1819
3849	3998
22528	747
12496	459
9413	4284
13355	4528
15172	3407
6184	2916
12928	463
25056	1457
12940	4815
23673	2275
16994	1177
24475	246
14157	4093
10478	2983
748	2981
22476	1303
15205	2300
352	2218
9618	4514
25138	415
10115	1610
2334	5172
16338	4800
12751	5051
12290	4555
615	819
12849	2474
15325	2630
19586	3530
19473	5217
5259	2526
21156	1906
14308	2718
163	622
6282	5232
19783	898
25358	2701
11812	1734
11328	1931
4490	3627
22144	1243
14317	3761
6610	113
23306	3068
5829	4024
16270	1840
14485	70
22493	1489
8387	1481
20065	1302
188	4638
2450	637
12787	4291
17086	2458
17569	1813
14969	1200
18141	1685
17807	1072
18552	3517
10532	547
15148	4095
10435	2286
5636	2542
21824	572
8879	455
5995	2247
10926	534
20089	2700
21515	4564
13276	269
10881	2021
20155	3422
2823	1866
26065	2656
17933	3858
19233	286
3772	4256
14627	398
10942	66
17191	2123
6638	2449
8298	2673
12321	4401
11447	1104
16032	429
18624	4288
302	1936
17248	1591
830	4721
23462	4345
22466	3909
8472	5156
17854	4532
14512	538
19126	4117
6316	3206
4819	3200
880	3215
20511	180
4875	2532
1549	3795
1862	2763
14711	3640
4896	1396
22254	3026
16932	4955
26059	2655
14153	4438
2591	795
20667	2667
6823	318
21297	2179
19520	4490
20662	565
15163	3816
21831	1043
1855	3750
21623	4971
7854	3744
385	1750
3630	1430
20000	1651
25863	1022
22903	2875
25442	216
18879	1782
7038	2738
2621	4075
22463	3705
24957	4407
20150	4899
12545	951
13684	3125
7911	2070
6280	3683
2810	3507
15154	5062
25572	1305
15221	4547
2562	3515
25661	3758
3773	3890
15184	120
12386	1621
16347	1948
21554	1571
12262	2778
5957	141
6423	4536
21495	968
23092	2368
20883	4813
9408	1784
25225	1470
25554	4034
3819	2810
15245	1068
1669	4044
17121	4050
14302	4842
4576	1283
23299	1869
3508	2115
2503	1683
10990	4155
21665	1424
8596	3202
25545	4671
6315	3852
164	3753
10602	5182
5729	2596
17331	492
1880	3023
13022	4605
4756	2075
24970	3692
20947	3052
17739	611
16921	1598
17537	5030
6388	3588
11734	2372
2991	1727
20645	1705
18772	2134
5934	1417
17021	2391
6229	4535
17804	787
11661	1149
9579	4954
25916	934
15678	3616
11196	4750
3825	3982
5787	57
16835	2385
5251	296
20305	2274
1101	4531
25649	4551
7726	2129
13389	3305
85	3476
12689	3988
19741	1336
309	3936
12040	2161
15235	204
13177	2703
7024	2505
13955	203
10407	5206
26167	3405
15947	3575
11806	1870
20781	4002
25543	5224
25611	3944
8593	2792
8552	345
12852	2530
24009	27
4037	4775
5862	3308
12599	1969
25628	3717
20391	1846
15197	3774
18909	3540
11053	1231
16523	4880
14369	3330
18746	4263
5545	3189
373	4640
23623	3641
3877	2012
25316	396
16886	4991
13749	2951
15774	3155
4196	5089
24174	3146
5407	112
20373	1699
8153	4964
22722	2722
22031	4239
25226	4901
10183	2788
1373	89
19246	2026
5413	3477
18622	693
8870	5084
1187	4874
6667	880
3844	4803
3718	1378
25139	4207
21401	3657
25346	487
5181	959
10847	4538
18088	1730
16543	2840
5673	2056
13989	928
6735	4739
20660	1094
4472	165
12049	2973
19927	2490
22439	2245
18784	3811
15082	985
8787	2398
8146	4479
17981	3258
9774	5123
4181	5128
13995	1220
18742	3220
8441	3248
4288	4866
12112	3482
17192	2137
4272	4824
15624	3233
14319	1671
14542	715
15568	3266
20954	956
25443	2636
24845	1204
18189	2243
10148	4539
12707	3856
18543	645
13529	2773
6158	1639
4826	4588
3983	1902
9485	2285
19051	3770
13651	2396
4641	3971
22876	2412
24270	1346
19809	2148
4032	2752
1694	555
14182	5029
9647	2349
19686	2572
15616	1831
4513	449
19557	1742
18126	4676
4258	1395
14358	5007
1841	634
22771	1369
24852	4259
2613	4419
10517	4745
22621	1157
25095	5193
9207	1960
20168	336
10590	834
23454	2863
7104	769
18299	4281
17038	6
13614	52
281	2589
13621	2381
17808	776
8807	790
7533	852
5853	5082
20772	3720
12695	4169
11577	4343
25250	2448
16696	610
12389	1028
23714	2970
3651	1132
21386	4435
3982	3564
19682	372
6944	1264
11844	3745
2465	1510
17341	3802
11893	5168
18778	1075
3431	4240
22239	3176
1265	1245
165	2756
10637	3865
17800	732
23693	1490
23712	1086
1339	1182
11411	5080
3685	3234
15931	5
20644	493
17126	3109
23576	126
3291	3387
19603	2059
16357	1850
19581	3066
19423	474
10918	2725
3818	4737
3034	2570
5411	1978
2774	3582
6056	624
22989	2393
3730	418
16349	1989
21584	3497
2120	1983
24271	2213
4639	2091
19932	3833
15409	1124
9959	4391
18383	3840
23355	2905
7935	2521
4104	1826
23653	3057
11621	686
13322	303
13649	520
25111	2145
19892	5100
8206	3157
21864	2356
10096	384
25903	1910
8184	3906
16039	2560
19080	733
24617	2113
11403	2365
17135	1882
5938	3064
20558	4289
3059	1909
10682	4383
18972	3426
13713	800
16717	2058
7635	1057
12260	2913
19247	4005
13832	4154
2997	3917
3534	2089
17304	2985
6907	512
4213	1702
8036	4747
5542	4027
13815	4332
1024	2325
7468	4579
24295	426
3466	0
13712	210
16129	5143
8404	4559
7534	4674
12166	3304
20424	2441
374	4455
1857	4403
12043	3219
2959	914
19090	1775
16091	3279
7689	60
8671	4719
15418	3801
3280	1235
8349	3790
24203	3682
3200	4781
6943	3479
10819	1339
22502	1034
16109	3709
773	438
11002	2364
22075	4265
6527	2016
4319	2150
20934	933
1125	3534
16274	2721
8161	2426
16505	3687
523	1992
8920	1437
8680	2499
23383	214
3719	507
3096	163
25130	4229
3173	676
12419	3455
10390	1980
20307	1093
5119	4744
8626	3861
6351	1133
12212	729
18904	2025
14431	4364
20233	5212
195	869
19997	391
3681	2585
12866	2827
3195	4459
4988	3040
22503	4235
14845	5239
18866	38
23621	4902
3372	445
16800	4498
25868	1997
18122	2794
5227	2347
5228	5159
1267	2864
14970	3302
3721	3060
3310	375
1346	3932
12478	1578
5271	4571
5901	1385
14383	3463
6832	2336
15125	2850
3507	3454
1879	4035
22966	667
5233	2
9098	1532
15912	2257
18895	4627
3744	4712
1821	4434
4493	2010
25143	81
25469	941
7188	30
16563	2845
22394	1461
16340	5210
12042	3791
10252	4254
3917	1575
22184	272
20892	3150
24152	3045
4766	1134
20248	3008
20534	315
5479	4614
4023	1460
21800	1171
18983	1292
6543	3093
13310	1566
21491	392
12968	1361
18757	271
9224	5012
10346	3901
17156	692
17740	4072
18940	1676
10615	2691
5232	5240
17821	2561
9974	3441
17950	3185
20341	1516
18595	986
5404	5072
13469	2665
14149	4140
6222	4083
10041	1219
16352	521
11275	807
14033	3352
21858	3485
15208	4728
10376	2625
6064	1494
18894	473
20886	226
10564	4427
915	4286
17237	4396
17289	1325
1897	1446
13682	2653
19052	1985
7204	950
22393	228
10850	2975
5078	783
14691	907
13486	5053
24706	2878
23064	3880
12642	3697
65	3724
727	189
199	3747
1407	1354
13636	609
19607	8
19645	1078
15144	865
8672	146
1436	3642
18621	4379
23553	4494
10163	4376
21303	5000
17979	411
24835	1957
20116	1215
19440	4249
2309	766
18560	3231
5830	3153
3388	4738
24620	253
11629	2366
1153	2997
22457	590
17953	1290
15413	4416
7246	3033
25719	3964
197	1725
24820	5227
3412	1414
24110	156
10996	728
3524	2473
22555	1961
12887	3891
624	109
2938	4858
1105	3211
17286	1558
2449	1047
10719	3470
10427	172
10383	597
24456	963
5363	3924
16310	19
19257	4791
24332	3260
19613	3170
2443	3328
9433	4089
15305	306
12644	3634
22836	900
20261	3055
20779	2318
7050	1141
26190	847
10004	3357
18233	11
7883	1587
8366	5230
25528	669
8458	922
17782	4915
3185	3734
1490	3798
24713	3955
25664	5093
23298	231
25091	3035
20782	3413
11418	4318
11112	2005
5712	328
8155	3179
10162	2003
24470	3803
8215	2268
20635	478
6737	3951
13520	1004
6530	2492
23134	1241
8116	654
17250	541
1350	1567
14541	2062
25891	4173
11009	4540
22830	3406
6037	4497
1044	1815
731	553
16770	33
8369	1617
15688	4804
17180	3340
25957	4113
9017	1634
272	2269
4284	2353
4283	1431
13992	4054
19578	1631
510	4553
19314	5222
22000	4685
16213	3072
4365	4684
13802	5096
21814	4066
2984	4425
1488	988
13480	1603
1234	633
15188	4386
7069	1531
5134	639
7094	4397
18791	1716
24451	3492
1323	1751
13864	3343
1997	635
19084	53
3820	4079
11820	4048
14667	2455
2485	430
1959	3270
12370	3000
20636	3870
5629	2735
8437	3664
3953	2956
14808	3594
15419	104
16174	550
8457	3636
1588	90
24575	4909
2080	3562
6635	144
18390	4960
16922	5134
4051	4517
10966	2789
19462	2688
25229	3240
17127	3372
1186	554
13333	1622
23741	1410
25866	51
8067	1195
24960	3977
10904	3855
12927	502
2949	431
12266	3615
17189	2324
1787	91
22523	2574
5825	4278
2222	4816
10268	222
4583	14
6920	1919
11863	2040
23968	326
22744	4634
15600	2551
10243	251
22235	4307
8737	2292
22371	2214
75	2912
6008	4392
2081	749
20414	4217
13664	3167
6838	2045
22110	5044
18398	1580
15374	5114
23163	2743
21144	4136
7277	31
19447	4389
2200	788
14932	1694
15316	1179
10805	3715
16955	4166
884	2785
13470	1254
19358	3578
5668	4731
17828	1257
25589	1162
7247	3824
21390	4801
9488	1223
6030	682
25988	2567
25562	1893
18091	961
19978	3338
8625	3329
17268	746
23149	2634
5130	2306
19548	4885
26130	4016
15010	1067
5287	407
8970	4428
4080	1689
19903	3498
20253	2729
5814	4353
16041	3349
21546	2990
8503	558
13031	5021
16565	2846
5519	3401
16235	3608
14647	1006
23114	1345
25758	488
25388	2382
2655	46
70	3554
15300	1722
16042	3489
12016	2664
20346	1080
5210	1053
17884	2590
12491	2418
8630	3101
1217	2338
16834	3001
283	3022
12070	1942
1606	1752
6290	4875
17843	2611
17388	4496
16429	2945
3989	4714
6626	3714
205	1027
18235	177
15218	4625
4046	446
23881	4488
9732	2706
8579	3
5434	594
1378	4420
2044	3626
10600	1713
12554	4924
5543	2536
12861	2994
19004	2854
12320	4400
11991	5027
15003	467
4428	2435
21178	1083
25784	2946
1014	1600
2661	1194
16651	4313
5697	5006
6709	3187
1248	1745
14131	4989
6094	168
14840	4702
20053	3281
899	160
16495	1881
22726	666
17465	2699
3052	2680
1025	3771
2614	2315
15657	731
25607	981
6082	501
25396	187
16110	4015
20379	4822
18238	4938
3937	432
13352	406
9135	3568
22433	3473
23240	3557
8928	1863
22831	1595
19954	1170
21695	3892
18771	4507
24814	23
19697	3319
15191	3669
10381	1035
178	1744
18684	3451
24708	4447
12492	765
3062	4600
17754	2064
22028	2862
15933	1070
6807	3604
23810	3611
13675	3884
15960	3306
21287	1116
13056	17
11746	1168
3872	671
18001	2329
8187	4733
5164	1331
23394	1717
15905	2836
18880	3539
26051	936
10519	191
11125	2557
1985	259
15175	2719
15553	5113
12313	1588
7479	4972
9755	301
4624	378
4555	1297
1685	1897
23492	4446
19865	25
2455	3848
9483	3495
10154	5013
8063	1388
1711	1545
25179	4032
23559	962
13291	3735
1600	2835
12409	672
20850	257
3420	427
15422	4424
7090	2430
8643	3323
11402	1198
22699	2160
17587	5174
21466	3116
1877	1898
14865	1920
22369	526
17603	423
22727	3548
22290	1428
17231	3251
6533	3178
8301	3728
19495	1112
5656	500
20854	3383
1981	4729
15126	1255
26038	137
5230	681
11951	1877
7463	2165
17379	1509
24097	2538
16087	3250
13859	3276
4700	242
14132	5063
3967	4404
3265	2482
15198	1709
18034	4734
21778	2741
23481	832
7807	4649
25829	4526
1551	4769
3204	2453
22336	1033
12106	3392
11066	3670
375	399
18245	4574
14424	2687
8864	3606
22728	2918
13635	3203
11979	2803
6534	4956
4250	2963
2851	3499
24615	4106
3964	4296
12306	1176
185	707
17172	1146
3988	4003
19206	2502
9892	2897
3890	1174
15170	1635
17729	792
11442	2395
88	1044
15786	3210
25034	2225
1613	4053
17560	3989
3996	2219
26048	5226
9325	85
24944	1217
5412	2014
17395	3137
24726	4340
10496	2732
896	29
17137	3610
25648	3446
10180	5173
2127	2405
24885	2705
5144	4258
3843	2869
22976	4163
16624	2790
4469	3706
21508	481
19170	4751
12758	2151
23387	495
22741	2031
2212	442
24219	1663
12863	4959
12107	3199
13831	1646
14007	929
11792	2431
18544	4661
23855	21
25136	4686
9027	4437
10130	428
2409	4863
12256	4395
14096	4201
7959	3310
25710	1852
15495	3691
20528	3635
4697	996
26023	935
6072	2856
22993	3301
20519	2264
10623	1419
14924	10
4013	133
22087	1835
4110	4879
19924	3355
16644	2553
21321	424
22483	756
17817	3450
15127	2063
20650	2751
16154	4057
5175	1136
5605	1938
17911	1467
18256	308
6219	329
7718	5178
4379	3012
4033	3412
4959	4060
10897	4481
24471	4504
18648	552
4828	5071
18275	4221
15717	2726
16231	1804
1497	2938
19996	3659
9773	798
13202	3784
7573	1762
8053	249
22611	2246
26044	3222
8058	4770
11121	2172
2059	1206
12387	4489
6641	2215
8055	3535
25940	631
8520	3086
5993	58
15528	627
21100	3082
6303	3766
17306	3354
17750	4162
17471	4715
17746	2242
2475	3190
18227	335
13932	3430
16655	4894
11186	1981
11293	3105
3731	110
232	2290
15478	3681
1859	2068
17419	2601
16067	2471
5268	4718
17252	3792
16334	2132
2348	2801
3231	506
1058	1825
15715	4184
16818	2822
715	2475
10986	2947
11082	456
18942	3598
7596	4749
21165	1326
19223	4012
22366	236
1672	1560
23137	2695
13357	4778
17120	3948
7727	3876
21203	2740
2259	3928
1343	1726
18867	1816
1000	576
23146	4302
20775	3762
19501	3452
6446	4746
2654	97
10406	1692
8862	1503
2624	4654
7637	3625
2076	821
12034	5124
9039	4998
6095	3344
9265	1514
10895	1311
2341	946
25419	1794
3450	2305
6642	2119
4835	4444
18724	954
23214	230
15383	976
15386	5138
15387	4121
25896	911
5767	2537
14690	3025
6031	2582
19800	4227
2451	3010
21798	584
2720	241
11401	924
22605	4970
15583	4919
1660	4930
13153	2796
6918	3868
14176	1720
2607	2304
8372	4754
23167	4740
11462	4352
23506	1760
14371	3154
14620	3623
20250	3600
18051	850
20008	50
8623	4809
14664	2748
7563	1733
10310	4
17249	2162
6706	3863
14983	2034
4846	450
500	2689
21821	4320
10925	3242
14547	1191
9591	3934
1545	724
10526	2241
543	1473
23806	1891
20182	2183
11490	1941
25359	573
12149	1341
20641	1746
890	4449
4878	3321
16469	2414
9597	4047
14385	1279
3910	2352
24942	3327
7768	268
864	3069
17463	4029
8340	2427
25531	5234
23186	229
11241	359
5464	1993
17090	3123
5444	3364
5261	5231
9125	1458
24846	4599
20260	4457
10358	2898
15714	2102
13837	537
2085	2893
7888	4010
14972	2259
751	4020
4643	5102
25189	854
8742	3112
9030	1450
11028	4871
21593	4860
23419	3140
11141	4190
18340	2892
5769	1230
3074	4529
19216	313
21808	3711
5359	3129
20557	2672
18626	4993
3875	2770
24202	4655
2805	1375
254	4897
21660	3973
21543	875
21090	1234
15248	3900
1425	856
24959	1958
25125	2931
9921	5057
1838	401
7096	3589
13283	4063
14128	1349
20489	4223
12938	662
7088	4224
19572	4602
16258	12
9758	3741
15400	745
23099	2144
93	4269
2749	5195
22725	2682
3386	164
2922	2001
4164	447
3056	1638
21075	73
10338	4308
4760	2323
20960	2816
1662	4418
5385	297
5774	4652
7725	2556
13384	2420
16906	1820
11557	2454
22177	577
16962	3559
6701	5205
20217	195
9893	4017
10501	2650
11840	2272
15935	838
13673	2167
4266	4981
10919	2550
25910	1262
16159	469
20793	4622
18282	4192
16783	4663
2761	947
7011	3666
20569	4152
9099	116
19560	4146
5826	4335
18234	3259
12639	1780
11400	1873
4640	2880
18217	1736
9722	3525
18688	5055
15821	2715
22435	5208
5547	1583
24398	909
8048	2724
22837	567
7442	200
23452	368
9869	1061
3196	4369
18736	1011
2771	2463
6513	413
19791	94
23674	2876
4027	198
11279	4160
14763	5109
9103	3829
19215	665
2332	4660
20157	4541
22738	3448
23068	4932
5361	3653
24504	4969
21281	480
9020	3522
4416	1387
18875	1649
4484	991
15195	3243
8592	324
5533	3718
3553	2727
1670	4853
3909	376
12552	2326
18156	5038
15073	5133
17076	3896
19355	1925
5364	5236
24126	2341
4588	1447
4069	3563
10211	1719
15951	3020
14841	4210
18373	2671
10912	896
1833	3197
12615	3814
17251	2670
2770	3351
17882	4118
19301	3127
24877	3830
6895	2149
25718	3377
17538	759
22556	1315
2536	3348
26019	5225
1050	3947
10356	4644
14933	2924
16727	211
7452	2710
15366	1579
12425	4220
20550	1998
26092	4520
12678	460
16433	3877
8727	1058
7324	1640
7015	2348
20879	1014
8629	4618
9572	15
24372	22
18408	37
19992	40
20033	41
21968	42
13600	67
23770	80
15814	92
8045	115
23649	128
25201	131
16640	135
2249	139
11233	148
1796	161
2287	162
10597	173
20613	182
7926	221
23945	232
4241	282
19464	325
2501	342
16498	349
24160	354
1941	356
12860	360
25053	369
3922	377
9907	383
3449	409
11026	420
17414	422
2741	443
22798	484
16674	540
16722	562
16726	563
19923	570
9915	581
15538	588
18910	616
950	623
21379	628
13060	642
6934	652
11609	656
4036	660
12691	688
9829	727
12664	738
12065	742
14558	743
11670	773
7007	789
11032	791
20052	793
8932	796
17536	801
5136	805
20683	810
21699	811
10822	824
11604	826
17932	830
16216	839
23841	860
4983	862
10825	870
20119	873
21194	884
573	885
4442	903
14559	906
5807	920
10601	923
13205	926
26100	937
23991	957
24057	958
5435	960
15477	1007
15816	1008
18331	1010
19433	1012
6512	1016
18246	1018
15718	1030
18973	1037
5840	1095
22609	1097
25698	1131
5143	1135
16393	1185
25272	1193
18109	1202
22372	1208
12679	1210
23403	1232
18723	1233
4952	1239
17859	1240
19387	1242
4446	1249
14372	1266
16743	1270
14991	1273
2420	1281
9389	1287
9426	1288
22644	1294
9993	1322
16414	1324
16708	1329
1078	1330
17721	1335
9862	1358
11801	1359
4249	1379
8972	1389
22620	1409
23246	1426
6408	1434
7307	1435
14496	1451
3501	1477
18125	1484
18870	1485
20062	1487
2803	1502
12155	1507
17426	1526
3561	1529
141	1556
8079	1561
23423	1572
8148	1577
5812	1585
11591	1597
8978	1633
12472	1645
23302	1654
12045	1658
14181	1659
20257	1660
124	1664
7154	1669
18052	1674
8376	1679
10022	1691
22377	1701
2165	1718
10490	1754
14377	1756
25378	1768
19475	1776
22109	1836
8279	1845
8505	1849
5622	1861
11093	1865
7317	1867
20169	1883
23509	1888
2042	1899
6558	1918
22018	1926
2335	1937
25827	1971
8157	1982
11788	1991
25220	2046
4673	2060
11923	2079
1563	2085
17345	2104
20231	2110
17874	2124
4289	2146
12160	2147
10726	2155
10801	2156
8198	2163
12786	2166
11607	2197
15920	2216
25934	2234
10062	2235
21389	2265
22806	2277
21823	2288
13862	2294
5353	2307
5835	2308
12722	2311
6078	2319
3946	2322
16513	2327
19454	2332
1149	2334
5488	2339
6183	2344
8854	2345
26067	2358
3955	2359
21469	2379
23485	2394
15066	2401
14079	2421
13647	2432
16831	2433
5392	2436
9944	2460
5655	2464
11841	2467
2713	2481
23204	2489
19204	2501
6746	2515
21771	2518
2001	2519
4273	2524
21317	2540
20536	2562
10552	2565
6156	2575
20538	2591
26176	2599
18105	2602
4433	2603
8134	2605
16475	2609
16899	2610
3006	2620
8122	2623
1519	2637
4301	2640
16471	2641
3998	2648
13029	2651
14781	2658
16234	2669
6711	2681
18271	2684
1914	2686
24454	2696
8374	2698
2511	2708
1966	2723
9209	2731
183	2761
9946	2762
21853	2783
22203	2834
238	2841
8442	2848
18743	2873
7126	2883
14707	2891
10655	2926
12742	2927
9337	2937
4483	2958
4139	2961
4247	2962
19404	2987
3007	2988
22299	3004
22309	3005
9863	3007
7071	3014
11227	3017
15682	3049
22147	3067
20086	3081
5225	3134
3752	3142
4650	3143
1834	3165
3826	3172
6033	3177
9327	3183
450	3223
11566	3229
23883	3317
12645	3385
25877	3390
2340	3393
2009	3394
20066	3428
1150	3438
8128	3440
18764	3472
22748	3480
1860	3500
18145	3510
24183	3512
5241	3513
1404	3514
4727	3555
3980	3558
7281	3580
9988	3622
4825	3628
15898	3633
20331	3644
26058	3652
12071	3665
1353	3679
3286	3680
10445	3685
23786	3693
2386	3699
8678	3726
6632	3730
14345	3732
20547	3736
22253	3785
18142	3793
18913	3818
26020	3819
9459	3825
17276	3839
15824	3843
14353	3849
14886	3850
8428	3864
13036	3916
19528	3921
6012	3938
17591	3961
19162	3963
16598	3967
12749	3984
5087	4019
7638	4022
25553	4033
13311	4038
12703	4045
4488	4051
23858	4064
8263	4115
21152	4127
11522	4128
25387	4132
11616	4143
23530	4148
4750	4149
15420	4170
8711	4176
951	4181
6859	4189
14809	4197
8118	4212
15802	4213
19450	4234
16621	4246
8869	4260
10684	4294
161	4315
18562	4362
187	4433
18218	4440
18721	4442
24463	4453
7861	4465
9979	4483
13625	4503
25853	4558
25	4560
23303	4568
7597	4572
21594	4575
6161	4591
23215	4597
11968	4603
2117	4608
1174	4611
21018	4613
7957	4626
17461	4637
4372	4646
8811	4658
18669	4669
10499	4691
11969	4694
23759	4727
5137	4761
4958	4828
9865	4837
5667	4845
18581	4859
22325	4861
5211	4870
18144	4887
18183	4926
25631	4933
9518	4936
5632	4948
19451	4953
1836	4961
15182	4965
2223	4980
372	4988
142	4992
8735	4994
8558	5008
16314	5026
23760	5040
4630	5056
11280	5061
22729	5076
1051	5091
4432	5110
23672	5118
17992	5129
8669	5147
23094	5154
6776	5170
23970	5177
19575	5185
5406	5207
410	5214
24214	5219
18908	5233
14	5237
22189	1885
