20216	4982
10657	1144
7625	2604
18623	194
13740	1347
3430	2239
7586	3504
19246	2026
20004	2488
3105	4317
23146	4302
5634	217
16505	3687
5546	3506
17162	2261
16210	1323
25868	1997
6576	5048
13310	1566
17252	3792
5570	3098
3197	1769
17808	776
19454	2332
18742	3220
17001	2508
25934	2234
25316	396
8036	4747
9207	1960
9130	5192
18276	840
396	3262
639	278
14096	4201
22815	3102
16967	1364
25644	4347
1829	1475
9889	596
25486	1352
9021	3523
5445	4388
25998	2879
8087	1088
24765	3194
9335	2203
16224	3710
25565	735
4798	2642
5505	2328
21929	2996
16213	3072
19325	1592
195	869
9017	1634
12166	3304
6533	3178
22574	753
12045	1658
19909	3195
19939	1079
1008	1615
10677	3939
7719	2019
16471	2641
22766	3796
22031	4239
12295	5119
5626	4406
21638	3444
21584	3497
1738	239
25176	4786
4634	3926
22457	590
19675	1486
19545	523
9313	1059
13992	4054
16858	34
20207	1599
1667	990
25596	4952
3053	1858
25917	1263
15805	2103
14325	2178
14385	1279
293	2757
200	3518
25940	631
9074	4219
5814	4353
17250	541
17019	4049
18193	1383
773	438
2293	341
6179	452
18278	4248
5175	1136
8626	3861
16853	3002
2593	4300
23576	126
2752	280
5412	2014
23775	4470
24023	629
267	3729
3526	3209
21949	5004
1187	4874
4954	4807
8595	904
17075	1464
11194	2173
26004	3313
4273	2524
23452	368
8449	3919
4467	3205
10407	5206
6442	2081
4247	2962
10623	1419
6303	3766
24149	3147
12158	3882
13749	2951
9312	4001
17778	809
7713	1984
10346	3901
4181	5128
9649	771
13413	5216
22476	1303
5973	4829
15559	1392
8153	4964
7197	1055
21142	1790
1023	254
18036	5032
20062	1487
22720	4323
17591	3961
3345	2238
18331	1010
4284	2353
13741	3291
8077	4606
9979	4483
23622	3238
19932	3833
14265	433
25575	3621
8299	1728
21379	628
22394	1461
3655	3585
6807	3604
14550	4068
8231	1966
4975	1821
2080	3562
7935	2521
24888	5152
2623	4076
6465	317
7885	3738
15081	1089
8871	3122
20806	1652
1854	13
20569	4152
7463	2165
4249	1379
14403	1735
1293	4074
14991	1273
10918	2725
1508	1843
20783	2547
1611	3439
3851	4648
339	108
28	4562
16957	4857
22284	2030
17665	2440
14351	1029
24504	4969
260	913
16937	1673
6703	3074
23841	860
22806	2277
17291	4011
8378	2971
13357	4778
5255	2168
9209	2731
19683	4632
18238	4938
23514	2032
23637	78
17588	4378
16340	5210
315	4194
2991	1727
15571	2728
2200	788
13387	4474
21696	2387
21090	1234
6364	778
19573	721
23614	215
17163	3267
1217	2338
10252	4254
8448	4088
23240	3557
12642	3697
7452	2710
10477	2020
18275	4221
22771	1369
12611	2993
19962	3133
4000	3269
15962	5099
22021	4659
15582	1953
8517	250
17187	350
5739	2860
1346	3932
15905	2836
16159	469
10539	2932
882	2885
20333	5203
13526	4092
21823	2288
21048	227
21438	2244
19146	2159
20562	477
18562	4362
12085	560
3297	4846
8721	546
22730	4873
1310	237
19596	4698
4451	2298
14746	1647
15626	3727
4469	3706
6943	3479
17099	3342
25102	185
10655	2926
4641	3971
22901	4103
7716	145
17581	3632
19544	3487
13664	3167
10490	1754
17655	471
23355	2905
21075	73
6920	1919
22309	3005
3983	1902
2661	1194
1344	4675
16348	4004
22483	756
18788	1675
358	3725
3821	2830
10986	2947
22790	1777
3850	3435
10904	3855
19609	895
5441	1416
20926	4743
20567	1700
16935	3748
4019	4405
17911	1467
7383	267
16496	4997
9269	2360
24250	4252
17612	659
14976	2781
21017	2808
7882	1393
20035	4984
7524	4122
25354	355
5268	4718
13704	3941
13713	800
22318	5151
6388	3588
15383	976
491	2857
23672	5118
20534	315
11662	4906
24814	23
19358	3578
10039	608
11967	3324
15253	2629
18183	4926
4013	133
17285	1152
21824	572
13220	582
15941	1921
5655	2464
15400	745
22119	2949
21755	3457
2385	2541
20174	3501
15485	4501
13636	609
6023	371
10133	4439
20765	2199
1321	1895
8513	2649
832	1795
16674	540
21931	525
25875	4509
10056	4976
15657	731
7090	2430
15708	2101
17729	792
4650	3143
18894	473
24057	958
15005	548
21630	621
299	4261
18152	3337
16590	1805
21710	5150
13864	3343
15416	1729
5543	2536
4372	4646
12313	1588
15899	4799
3682	4463
17471	4715
13333	1622
19440	4249
1561	989
26100	937
1150	3438
18633	3677
449	2417
5661	4268
25877	3390
8280	714
24214	5219
18065	620
25234	3358
11113	2661
23167	4740
13680	2038
4069	3563
25115	4779
20257	1660
17174	1944
17997	522
16932	4955
3820	4079
4422	2525
23683	1838
11102	1272
3878	3702
10268	222
851	2480
5144	4258
380	3658
5774	4652
15663	1672
25319	1026
24251	3782
17237	4396
6506	3488
10884	4830
12887	3891
20702	1469
4750	4149
12268	1878
25204	1492
4038	5186
1818	2859
941	208
183	2761
1107	4398
14497	975
16922	5134
21389	2265
7126	2883
21152	4127
2512	255
6218	1269
18621	4379
375	399
3102	4360
4319	2150
12046	4116
12617	4495
8862	1503
495	45
14317	3761
2754	4973
17501	2185
1292	4699
26171	2960
15305	306
18751	311
22502	1034
1963	1546
2750	4138
18250	2666
23673	2275
1408	2504
8887	2855
5227	2347
18552	3517
7015	2348
22993	3301
4427	4835
2563	3663
2004	2831
5529	3265
1621	5049
26196	1582
11034	3471
16743	1270
2982	614
4966	1432
6266	2188
16963	2750
17240	3034
19014	4908
2182	1687
11642	5196
4515	822
4836	4631
22830	3406
4213	1702
21313	4519
46	436
13929	68
25910	1262
20620	363
18942	3598
17990	2158
1796	161
1075	2291
12110	2041
20434	4390
23465	3993
13802	5096
19447	4389
11199	3516
2620	327
9327	3183
2117	4608
23674	2876
1025	3771
11241	359
25480	2330
8579	3
13191	2478
6908	4732
25597	1678
19927	2490
16946	658
25125	2931
24617	2113
21149	4110
15920	2216
890	4449
23051	1327
7510	1724
7883	1587
21468	2429
2614	2315
5407	112
1860	3500
11216	4331
20261	3055
19350	1785
4032	2752
8726	3103
6558	1918
14154	3409
2773	3091
7442	200
18145	3510
19222	4402
25678	4929
18102	2865
24878	4486
10435	2286
22269	1172
10519	191
4834	4081
3827	902
16770	33
15188	4386
24169	4324
7590	4839
25540	3084
25856	3915
18587	2986
24271	2213
1985	259
16011	3299
8386	3731
22610	504
15251	689
10180	5173
25419	1794
20552	2903
4259	5054
19992	40
5787	57
10026	1178
7592	3309
19090	1775
4366	5213
20319	4890
16754	2693
16817	1439
12496	459
16835	2385
5639	1212
12135	1001
7543	5078
9133	381
15170	1635
17359	1550
21815	1625
20532	124
24932	1508
16899	2610
19607	8
13481	2293
25229	3240
17467	3245
16694	589
12678	460
24294	2877
7811	1166
14	5237
15217	4055
4835	4444
25896	911
5608	1397
20943	5043
19703	2753
10500	3907
14496	1451
8408	1557
8643	3323
5938	3064
19955	153
21943	1015
19791	94
12389	1028
18095	717
2607	2304
23967	207
14079	2421
3873	1901
26167	3405
11077	1155
350	4180
17149	2733
19215	665
5773	823
17503	5181
15477	1007
573	885
17245	1554
12286	1368
21646	2231
16270	1840
2476	4431
15250	3630
8738	5022
17472	1954
14818	87
15160	1589
6356	4767
10841	16
22746	3956
23204	2489
13604	3217
7125	1748
18143	718
25844	2915
16128	1648
25872	754
2664	750
19931	4493
20960	2816
23509	1888
17822	674
21799	3511
18370	4241
20942	3453
17683	3614
15395	3331
15206	2539
16109	3709
15195	3243
12101	256
8067	1195
7311	3813
23214	230
5838	618
14766	1066
22245	2258
15244	333
8211	1357
1823	4237
5302	266
4298	2069
18626	4993
23387	495
9189	5120
15205	2300
18398	1580
15977	3334
8474	5116
16067	2471
26194	404
22927	4854
19162	3963
20892	3150
22372	1208
18000	4100
2329	4598
19608	4630
2459	3273
14319	1671
13813	2500
26127	1471
17082	2587
8504	4126
17536	801
4639	2091
7026	4811
1029	2809
15073	5133
4036	660
9432	1738
16953	2233
18008	1995
24114	1524
16747	1382
8739	4777
25226	4901
24852	4259
5571	5095
20033	41
2303	4506
6073	2795
9151	3914
7482	4620
6631	2802
164	3753
18585	2466
750	3645
12551	4377
1962	3776
5712	328
5483	3546
19450	4234
6079	4797
18658	2676
2917	2581
11223	102
141	1556
22048	4476
23647	79
22253	3785
2409	4863
18408	37
22487	4172
18867	1816
17939	351
22555	1961
14370	1802
15423	4886
2559	2535
5656	500
11175	825
6641	2215
21344	4542
4283	1431
14316	2853
5840	1095
13966	1755
20854	3383
1051	5091
10825	870
21391	1767
2340	3393
11459	3862
1010	5194
23441	1130
19553	5097
20489	4223
1839	1246
20774	543
8969	4604
20236	874
22197	876
24781	2782
18231	4916
12751	5051
5464	1993
16800	4498
6024	1449
7807	4649
11403	2365
20959	2930
5087	4019
624	109
23946	3943
20078	3660
16332	2507
3685	3234
4288	4866
20433	4949
17137	3610
8511	3094
23559	962
17738	1102
23464	4346
19207	1038
17120	3948
4116	5220
21608	2373
4144	5016
5548	4482
8728	4006
19164	3031
17385	322
21089	1905
18870	1485
22728	2918
3048	2888
9306	833
12411	3384
11607	2197
24470	3803
19924	3355
12235	4130
20886	226
18592	1628
1026	3772
23530	4148
5510	605
11152	1830
5578	595
11182	974
10391	3162
25601	82
14037	3168
22433	3473
18739	955
1278	1268
24464	4773
3076	1050
16482	2157
10381	1035
9895	382
2762	4041
6971	1120
2298	5142
4103	3871
9127	1868
15553	5113
6648	4700
12503	641
18457	389
24163	1280
4432	5110
17968	49
17950	3185
24732	4823
12386	1621
5519	3401
7511	1380
17819	4097
4642	1328
4017	4009
5143	1135
19580	1039
22278	2522
7855	1862
1556	4199
1825	3759
10153	3118
5830	3153
23161	2402
5257	5199
18971	312
25721	1970
2912	2187
3877	2012
4196	5089
5385	297
17345	2104
6907	512
23616	3579
16976	1590
21910	617
1323	1751
24034	3132
9944	2460
9341	640
4141	3277
734	5001
25062	4995
5444	3364
4525	1792
2785	4462
24734	2442
4576	1283
16834	3001
7055	4592
9579	4954
16655	4894
17848	3204
10872	4250
25250	2448
24490	4525
8185	4996
16484	1987
19101	2053
2883	857
3418	1667
23424	4963
7093	3135
6380	3274
1511	1377
13355	4528
17135	1882
1958	1309
5434	594
14372	1266
6307	5052
3618	1237
24126	2341
15192	2071
13616	3263
25378	1768
4266	4981
23145	842
23759	4727
13035	4014
2789	1666
19923	570
11879	4522
5078	783
4180	1209
17251	2670
8666	2078
2656	3780
18895	4627
20803	4766
8387	1481
16830	5015
15200	3684
192	4059
19475	1776
1910	340
5843	3388
15144	865
13496	1715
11801	1359
8731	4426
8630	3101
7069	1531
3452	3460
7281	3580
20879	1014
7324	1640
22798	484
22770	1456
24583	2217
16274	2721
6229	4535
9485	2285
16495	1881
10356	4644
17439	307
199	3747
2420	1281
8118	4212
1490	3798
2666	4251
5479	4614
15793	944
25852	4780
25060	527
7956	454
17824	4099
8701	1211
3068	2469
6824	764
14844	4312
23248	3721
21051	3541
9831	5085
19170	4751
16312	5025
10931	2196
14128	1349
1833	3197
2185	1616
5184	3322
8505	1849
8472	5156
12248	5126
19004	2854
8879	455
4705	508
9755	301
5698	3755
19167	2612
12940	4815
18600	224
21588	1394
5695	1384
2949	431
21386	4435
11522	4128
13022	4605
17016	3528
17306	3354
7916	4563
7584	2972
21221	4231
25676	4182
15252	3403
25595	4789
8200	2806
3063	1247
14972	2259
23689	1523
6226	3760
24248	1737
8970	4428
12032	2445
17986	3953
22989	2393
21635	2837
23950	2279
10656	2363
4656	4566
13322	303
5240	3552
5468	4730
12252	4666
15419	104
10134	1611
17692	472
3310	375
7958	4228
16611	643
12051	3591
17461	4637
13711	2608
4211	767
1104	2771
18397	152
7718	5178
19956	4464
1668	4443
9993	1322
23714	2970
13831	1646
19451	4953
1549	3795
14007	929
25209	1019
24242	5081
14020	2193
22691	366
5395	4188
15568	3266
5659	1584
17563	4665
12043	3219
17823	4098
19434	3252
24280	3039
17569	1813
8888	1680
22312	4900
19445	1111
11631	3690
7481	2621
19493	1440
9265	1514
7264	1103
5769	1230
5577	4487
21497	1128
11464	519
6858	1576
13283	4063
598	3994
14924	10
17878	4196
10158	65
18579	602
5542	4027
7014	851
10458	2899
25435	2638
12689	3988
5081	4394
1674	2477
12861	2994
19978	3338
12701	1781
20807	4616
22415	188
24453	337
21029	3434
18613	4156
122	2491
17021	2391
9763	260
19184	1468
11213	3389
23093	3053
20003	2312
14338	5075
17231	3251
8538	4672
21653	2194
15669	3120
11911	4999
19922	136
15659	468
14619	2446
23095	1216
21560	1517
9722	3525
25571	3363
25469	941
8717	5144
23241	2111
10897	4481
20782	3413
20934	933
13311	4038
19433	1012
25057	3239
17118	3335
12320	4400
8452	4325
2741	443
14639	4475
22105	2423
3409	638
22018	1926
16726	563
12262	2778
12803	3075
12414	4361
20660	1094
885	2135
24122	3059
25346	487
951	4181
25235	2204
22290	1428
1915	2940
1600	2835
21177	3474
14308	2718
3524	2473
20613	182
8552	345
7854	3744
16640	135
12971	223
16608	4270
16783	4663
3099	2895
26130	4016
14698	2287
9593	3629
88	1044
5060	3088
23623	3641
10906	4135
1327	1020
19423	474
9514	3271
1258	2444
11841	2467
13205	926
24454	2696
12712	2965
15374	5114
15617	1723
25080	498
24252	2415
4189	2668
1653	440
4261	3894
8409	5130
4782	1952
2247	4826
15664	2439
16994	1177
25607	981
8053	249
20345	3432
21705	899
14339	5162
22692	4805
11093	1865
25510	4784
4625	2929
12049	2973
7534	4674
11418	4318
13385	1630
9417	1772
245	2255
12192	4812
9389	1287
4760	2323
5427	2772
13597	561
3811	3675
15524	4198
7546	4225
23134	1241
3062	4600
3056	1638
12473	5086
2475	3190
21994	1154
9026	4668
12787	4291
19996	3659
20014	2697
4252	3491
20616	2546
16264	1403
953	1023
70	3554
26138	1139
18608	5161
23470	1180
3283	4077
17294	775
21562	2911
22605	4970
17935	5125
3844	4803
12749	3984
12478	1578
20636	3870
1028	2774
11285	4515
23713	3466
6737	3951
25628	3717
18899	1812
24833	1491
12460	4311
22320	1809
24439	4363
4353	1917
20940	3763
20065	1302
24001	1443
22748	3480
15258	3019
11593	2821
5466	4883
2530	1048
17297	3996
23855	21
24753	1914
16006	1156
11411	5080
16349	1989
15181	4635
17861	3997
6541	3013
18791	1716
21165	1326
9723	3272
6170	4985
11622	4423
9629	3117
22831	1595
24009	27
20667	2667
22899	1851
25516	1274
6185	3415
9597	4047
3193	3099
8615	4186
10552	2565
15186	2941
2076	821
6408	1434
1656	4355
15718	1030
6891	2002
18764	3472
14033	3352
20813	3799
6701	5205
15372	4123
24595	3459
3185	3734
12781	461
10792	4818
3066	651
9606	4827
19738	72
2119	3624
23474	3196
16429	2945
11405	3106
22793	723
17543	1990
7384	533
17276	3839
17875	1214
6835	4277
22966	667
12157	3979
11121	2172
25662	3551
14709	1238
2127	2405
14337	2169
14383	3463
21158	1935
25975	5105
21547	2919
3412	1414
194	4472
4550	965
24341	3095
19168	872
2926	2657
2010	2580
12365	458
18723	1233
1563	2085
11878	3654
6825	881
24615	4106
25043	4524
9208	3524
21697	3990
15799	2174
23476	3542
20526	3478
11840	2272
5162	3676
23346	1544
23552	1889
1878	5189
21860	566
24924	497
6832	2336
10601	923
23246	1426
15159	174
15184	120
16015	5201
12074	2692
13060	642
6317	2437
14710	3048
20597	288
14153	4438
5674	703
5251	296
855	3893
12151	4546
17293	4707
20066	3428
18884	3547
22890	3221
6423	4536
9616	1967
9184	998
4727	3555
16563	2845
24943	1817
71	4273
2307	650
2532	1977
19806	2252
16231	1804
19012	2273
15182	4965
20086	3081
11016	4951
17392	2378
21316	74
9482	615
24293	130
23708	273
15583	4919
10910	625
1013	4763
12122	4831
13837	537
23215	4597
4512	712
5225	3134
20391	1846
15850	2221
3532	2765
15681	4621
6675	1399
10991	3353
22082	1386
18097	3647
15538	588
13142	1362
2981	4834
16368	1151
8503	558
15415	3044
26190	847
20683	810
18037	1569
23944	3253
5267	4570
23986	1295
12290	4555
16131	3607
10719	3470
17804	787
22299	3004
23225	2744
3876	2991
6918	3868
16778	849
23856	3493
124	1664
20792	3737
2193	1574
15714	2102
25139	4207
22900	76
21144	4136
8151	3521
19111	3175
11629	2366
18237	3285
5387	5037
20536	2562
10476	2516
2938	4858
20303	1824
15245	1068
26067	2358
4275	4195
8282	1963
9921	5057
25181	2424
16041	3349
14840	4702
3204	2453
10620	2004
17924	1945
17865	4680
11822	2952
7280	5164
17274	2072
18125	1484
7911	2070
10247	2871
3372	445
16235	3608
1356	877
15311	1757
4139	2961
17396	1138
19161	1042
18338	5033
19102	4349
16265	2720
7648	4023
22894	892
26006	4710
3684	4387
19340	287
19404	2987
24412	3416
20432	697
29	3213
22075	4265
15911	1609
4635	2226
13318	945
19895	1407
1376	4681
17189	2324
1493	3672
21281	480
8557	4408
11630	1874
14542	715
1098	2957
17918	2826
880	3215
10358	2898
24210	3981
19686	2572
3593	412
628	4283
18288	4877
10497	2734
10819	1339
18622	693
6628	4204
13619	2465
18783	2902
17248	1591
14558	743
2879	3743
24174	3146
16728	4966
10354	2208
12554	4924
7579	938
3839	530
25	4560
17463	4029
14662	4144
20309	5166
7023	2096
22577	3922
1050	3947
4511	448
5261	5231
19107	841
8049	586
8932	796
12071	3665
13999	2628
17006	3742
19144	2035
6172	323
1092	4368
16941	3992
6387	2094
9103	3829
4416	1387
19469	3100
2452	4436
20766	5111
8074	2061
17825	3226
18453	1074
15127	2063
1841	634
18880	3539
6301	2870
19109	1543
5564	56
5107	379
19640	20
13291	3735
22696	2969
7926	221
15951	3020
19064	4942
19150	1604
18649	719
11861	192
21027	853
4302	1548
19781	1712
6082	501
9631	4371
7689	60
10969	1540
11284	2533
2710	264
214	987
20664	571
24819	2114
20902	2074
18001	2329
11811	2271
18246	1018
8069	2397
18778	1075
20129	1343
10376	2625
11876	774
26042	4583
26021	3874
6503	3700
13614	52
12615	3814
20776	4456
25849	4527
21162	1907
9337	2937
11465	4342
7635	1057
14969	1200
17346	4889
17800	732
14970	3302
4255	293
10676	3502
10550	491
9984	3292
11661	1149
17337	1740
9082	1618
6222	4083
21523	4565
18782	3307
9937	1321
13164	536
345	632
26173	2980
6033	3177
15600	2551
16886	4991
11231	1340
16415	3050
735	5140
4485	3887
2332	4660
11721	4545
22393	228
20331	3644
16553	2844
2120	1983
1149	2334
6076	3812
11491	1420
4052	3228
25251	649
23910	1304
22100	95
24060	1791
1669	4044
17307	4556
24601	4065
25959	1786
3765	1668
20317	1317
8476	2933
20924	258
934	489
7895	2039
24597	4460
373	4640
16955	4166
19624	1308
4033	3412
16352	521
18736	1011
8732	1690
15382	2057
4781	3318
17339	1091
8446	2043
1343	1726
2803	1502
18487	362
1347	1951
6315	3852
1000	576
19572	4602
18970	4862
800	4499
10178	4711
22423	1282
19800	4227
1765	263
25661	3758
3843	2869
22990	4543
15682	3049
123	3556
6282	5232
24270	1346
16230	3553
1281	4374
3594	3461
20030	3090
1074	710
1727	878
7386	1400
21194	884
4955	4806
15175	2719
19710	2742
2341	946
5812	1585
15580	1184
13653	1999
9488	1223
17688	3159
22376	425
24471	4504
8335	300
15163	3816
9397	1277
5673	2056
17268	746
3719	507
14357	2528
938	4018
9758	3741
21341	2461
11670	773
22188	1884
10446	3678
93	4269
4104	1826
4117	2639
16742	2295
25569	2462
7109	5050
11015	302
5230	681
18454	5020
4046	446
10002	4580
2455	3848
6448	3931
21593	4860
18088	1730
3818	4737
2248	5131
11125	2557
21031	2303
3718	1378
12161	3962
22832	748
21665	1424
2630	1731
11030	3940
14373	4094
5353	2307
12193	4516
25988	2567
8064	2583
20787	2799
23256	1442
24183	3512
13369	2711
10672	5058
2009	3394
18741	1406
17453	3935
12981	1244
16331	1466
2749	5195
10062	2235
2047	970
215	708
9149	4888
10388	2935
21811	3490
11865	149
9710	86
15007	4348
3100	4510
10438	4287
12149	1341
5232	5240
17981	3258
17794	949
14543	4230
17988	2545
21432	364
19223	4012
24696	96
12545	951
20538	2591
8851	814
20953	4452
9715	5065
12187	2066
19316	1260
16389	1201
4713	763
2368	234
17389	36
26013	3071
9264	1525
19159	845
9092	1482
22325	4861
5849	2170
5137	4761
1968	3566
19678	3531
9248	3779
11806	1870
21390	4801
19204	2501
3654	3408
3750	4141
8349	3790
23302	1654
10532	547
14809	4197
15197	3774
14377	1756
6859	4189
5246	99
4484	991
5547	1583
11280	5061
4068	1319
16110	4015
26039	4107
23776	2284
25719	3964
3937	432
14324	2966
4289	2146
309	3936
18091	961
20059	1366
19466	5077
2596	4344
3207	2333
2984	4425
21156	1906
16594	539
11186	1981
20231	2110
4379	3012
11828	4650
13520	1004
20515	3391
19705	3599
5365	863
15816	1008
11054	5108
17600	4096
25698	1131
22	942
18034	4734
11379	2964
6863	2140
21466	3116
5411	1978
13651	2396
2136	3933
2457	2087
23084	4491
5211	4870
16347	1948
8928	1863
15455	1463
19444	4206
19019	1313
25379	1205
6724	1732
7853	2780
20373	1699
23110	1160
10763	2171
15706	4454
20528	3635
24398	909
16107	2959
3599	4840
24032	2592
22954	3268
22108	3375
11416	967
9760	3289
25470	4851
21592	3465
21614	2632
7446	3345
18743	2873
14552	599
16719	3526
17994	3873
17173	4247
21830	794
22378	4042
7477	4790
21596	4662
15420	4170
11979	2803
23909	706
21615	1632
18745	1125
25116	3987
8710	755
1375	54
7194	2815
25496	5221
10600	1713
3188	3152
26176	2599
17161	2660
4743	111
8375	515
17086	2458
22644	1294
12868	3339
8058	4770
24722	1657
7637	3625
3561	1529
11929	4179
3279	4785
22523	2574
13659	927
1896	2044
19256	3883
23226	4370
3291	3387
1877	1898
8530	4134
4555	1297
5934	1417
2566	240
6583	3314
18983	1292
12321	4401
3653	4375
9721	64
12498	687
17785	4918
24731	184
16703	3783
1125	3534
8279	1845
22507	1314
24575	4909
22964	2847
1405	2707
21629	1084
21407	1153
19052	1985
18256	308
14374	4280
6884	4762
10406	1692
4263	4187
5109	1499
9643	568
2212	442
19562	1834
20149	2263
11032	791
20170	5160
7265	4975
8312	757
11951	1877
19687	4282
19583	4319
12679	1210
24463	4453
24961	3503
10966	2789
22083	4125
25359	573
23907	496
1078	1330
22426	393
19140	1259
22244	4233
6857	780
18549	178
9458	48
8629	4618
12306	1176
12742	2927
887	3424
22603	2223
11293	3105
21321	424
17233	2210
3194	2764
18946	1291
6094	168
21543	875
24110	156
8195	3015
21012	479
2003	4238
20341	1516
19145	5039
9414	4297
5361	3653
24129	2768
23864	1261
21315	1455
17746	2242
23710	4760
15938	3108
7769	3333
7309	3395
16565	2846
3607	3028
23863	2615
3449	409
11227	3017
3006	2620
5828	4357
8307	4946
11842	4358
13067	1681
17626	388
3825	3982
19954	1170
12266	3615
23687	4706
1995	1045
22816	5163
1594	1445
16087	3250
2613	4419
7638	4022
23485	2394
18676	1521
19900	1650
18396	2107
7522	1299
6707	2493
2501	342
12141	119
12695	4169
18790	1107
13282	1123
16162	1312
25402	1946
8072	513
16266	3888
14868	4868
12423	3592
7357	2018
20101	1500
7533	852
15847	4690
12492	765
17116	1334
16513	2327
25437	910
8702	3667
25543	5224
1832	1275
6911	2494
22779	483
11808	3230
1834	3165
197	1725
21100	3082
15585	600
7695	3701
19244	2713
9090	3565
24161	3712
12865	3158
16232	4643
19206	2502
23649	128
3286	3680
16032	429
17228	1774
3347	4856
23554	4492
23883	3317
9027	4437
19801	3723
20517	1164
8308	4409
16872	1758
22725	2682
24942	3327
18866	38
7485	1285
22876	2412
4673	2060
6813	3381
20122	696
12863	4959
14841	4210
5130	2306
19527	1350
26038	137
10445	3685
4793	2842
20375	1842
5767	2537
19941	4798
18443	2675
14864	387
22621	1157
7726	2129
7647	4537
11610	2921
18144	4887
9216	1310
18684	3451
11462	4352
9867	4774
11700	1875
16129	5143
10000	1739
6390	1498
13971	2901
7204	950
3819	2810
23409	2614
9249	3590
20560	3945
5360	3486
21024	4594
18067	1710
16433	3877
15325	2630
20547	3736
14090	151
14181	1659
7824	740
21699	811
2186	3937
23553	4494
24506	3458
23727	2237
733	279
14424	2687
22147	3067
6446	4746
2562	3515
1606	1752
13615	702
16756	3966
18875	1649
3164	1183
12287	1462
2449	1047
8868	2250
16336	3294
1662	4418
5233	2
26191	4411
8193	1763
15516	2843
20793	4622
17979	411
11539	4892
23383	214
10923	2375
19957	1807
2761	947
15973	3192
3362	4855
24582	2205
4724	2335
2568	2894
1311	1894
18159	3668
20883	4813
19723	2704
8398	3182
20150	4899
5478	3788
12419	3455
2059	1206
17850	361
115	4717
25572	1305
23730	3414
6815	1844
2335	1937
16729	583
20915	889
20064	3643
7449	2316
20046	2456
74	5141
18667	2677
5465	1684
1613	4053
9986	2450
21695	3892
22744	4634
7039	3303
8156	3396
24121	3171
11971	4922
12113	4990
4426	4587
8475	1549
17194	2760
8869	4260
14807	466
11011	2900
21548	4036
18952	2108
15209	3119
14414	2948
3174	3379
7542	2817
21712	2646
9647	2349
7307	1435
18624	4288
833	4585
16722	562
4488	4051
16234	2669
11733	1876
21339	4367
12722	2311
2249	139
11132	1197
8671	4719
8116	654
11944	2944
15247	3808
20618	2281
10183	2788
19380	4512
13528	751
20550	1998
12307	5035
9023	1642
17113	35
3595	1226
17739	611
17807	1072
23881	4488
11400	1873
10096	384
23920	1161
12130	1145
25589	1162
7098	3696
17755	3280
19324	1698
25957	4113
22311	5046
1014	1600
15961	3024
2239	891
20780	2028
580	574
15365	1535
5164	1331
12798	4276
18340	2892
12016	2664
9075	1418
23099	2144
5730	3402
894	1413
20250	3600
11868	421
4988	3040
17182	1224
7479	4972
22395	3282
17076	3896
9785	118
19964	3361
22975	1887
17470	5003
22734	1425
11493	1912
7188	30
128	1916
16648	4145
25056	1457
22645	4896
14165	2576
11066	3670
13013	1811
7727	3876
351	709
16177	3087
17382	2974
1248	1745
17502	4071
23138	2054
13702	3336
9656	1060
98	5127
11372	1924
10590	834
20635	478
13859	3276
16108	1943
12612	4157
17731	2452
5228	5159
253	3925
10427	172
8978	1633
20952	3038
17843	2611
15396	4940
18444	4101
19809	2148
22489	2633
4826	4588
5231	5045
22109	1836
4819	3200
20663	1686
22497	494
11815	2618
22938	5202
18648	552
11863	2040
17131	1188
751	4020
14541	2062
18612	2409
1157	2127
13144	4415
6031	2582
7277	31
22929	3300
403	1318
25114	3805
408	3648
7588	4838
24474	4104
23149	2634
22371	2214
3730	418
9618	4514
14547	1191
21409	2968
3442	3674
15917	1106
15214	3264
11616	4143
3996	2219
6337	1793
6669	4836
5622	1861
9892	2897
2846	47
17854	4532
17564	3316
140	2982
21594	4575
22190	3740
269	3437
14302	4842
17172	1146
17192	2137
3826	3172
3752	3142
20052	793
7071	3014
4765	2076
8206	3157
2338	1046
8870	5084
1966	2723
26019	5225
17191	2123
4685	3043
4106	4913
6265	2812
17330	470
11427	4218
16589	1636
2950	3417
178	1744
14606	2254
24640	3042
283	3022
21623	4971
6455	4178
9829	727
19379	2186
17124	3754
21293	4183
12735	2340
2490	3097
20184	2313
3916	2594
6864	220
18158	2350
11107	999
10682	4383
16056	105
23859	3662
294	3860
11792	2431
15717	2726
7267	5165
25271	186
1024	2325
22848	890
5809	1822
8365	1641
4846	450
16225	3650
11604	826
18194	5005
23513	2224
20641	1746
10801	2156
2806	2730
22827	5200
21289	3404
3633	2520
12884	2566
3946	2322
9987	1570
3651	1132
7011	3666
10412	2849
4365	4684
26170	1296
22087	1835
4051	4517
9124	170
24944	1217
4037	4775
6934	652
18222	1115
14171	5238
372	4988
17670	2408
19442	2917
23503	2380
593	1613
2450	637
925	4185
9759	147
18940	1676
7459	59
7045	1703
10341	4701
9147	2506
11028	4871
1821	4434
3067	4441
24718	1087
5848	1480
22254	3026
25440	3923
15123	867
22046	1538
20553	2904
12472	1645
20716	888
2075	1900
4959	4060
12616	3886
16084	3065
19603	2059
19463	2027
14661	948
20307	1093
17158	2260
18052	1674
4870	1962
6738	1021
10555	2220
24614	2597
8768	1320
10163	4376
12042	3791
23224	1568
97	4316
12308	835
17560	3989
21754	1344
23458	289
21558	4633
7596	4749
21546	2990
4575	397
18909	3540
7104	769
20779	2318
7038	2738
24204	3181
6748	2747
5119	4744
5194	1024
8801	4168
18196	4567
18920	3078
10602	5182
14560	3781
1109	2925
23758	1656
15960	3306
11537	3538
19569	2472
4258	1395
2215	4817
2001	2519
2915	1547
3917	1575
23805	1890
11919	1527
14767	305
22891	4561
4774	2055
18337	309
11447	1104
25447	5098
17590	1453
17864	3846
25585	2374
2980	593
18030	3637
5490	5115
3034	2570
22778	1129
8222	966
14512	538
21650	1032
14711	3640
24762	1747
8366	5230
20599	2584
22980	5036
24479	4105
16570	3878
21930	1956
5807	920
11617	3433
5116	726
8718	685
4081	4502
21317	2540
16801	1662
22144	1243
1793	3968
17874	2124
7603	4726
20775	3762
16718	4692
12053	3216
23771	5018
2485	430
9433	4089
18042	1454
26098	138
10805	3715
17022	3529
12739	1563
1787	91
22379	993
4377	2090
2165	1718
2624	4654
14865	1920
3814	3587
25094	2357
5629	2735
25854	2388
17818	3911
17599	2496
2087	2086
15409	1124
14419	464
15668	4708
15685	1880
18586	4338
11899	2606
15802	4213
4588	1447
22265	2143
14652	3464
26044	3222
18984	4432
2556	804
26159	846
1339	1182
10383	597
13717	5009
9863	3007
5359	3129
5541	918
6527	2016
11638	901
6156	2575
15814	92
17884	2590
2805	1375
2304	4944
25684	1218
18557	3655
21191	2832
6513	413
9450	2309
15688	4804
15227	4893
12788	2023
22729	5076
5241	3513
13675	3884
23153	2007
15357	3817
5862	3308
22246	3145
2487	4642
20568	4070
8219	1370
19446	1077
8730	2702
15596	3076
15974	3315
16575	1497
19018	3897
11812	1734
25130	4229
22961	4792
26059	2655
17401	1404
25598	3757
12054	2428
4354	2013
22493	1489
20707	5228
7959	3310
13292	1975
13682	2653
25387	4132
18913	3818
23114	1345
16906	1820
1383	4934
5262	451
21206	3550
11893	5168
18217	1736
16486	4236
3849	3998
2350	3418
24726	4340
17537	5030
5995	2247
19810	3719
22283	3842
4080	1689
16010	1789
5672	739
1660	4930
14358	5007
18189	2243
3744	4712
2952	444
19578	1631
26048	5226
25050	2662
7515	4914
11410	5014
5851	2230
5367	2033
20662	565
3200	4781
14845	5239
9039	4998
11112	2005
24385	978
8224	1121
22738	3448
6638	2449
21821	4320
10463	2240
17538	759
17207	205
20850	257
11903	3978
3466	0
937	1
10310	4
15931	5
17038	6
18720	7
4135	9
18233	11
16258	12
4583	14
9572	15
13056	17
14982	18
16310	19
24372	22
15959	24
19865	25
24444	28
896	29
16766	32
19089	39
21968	42
23429	43
24578	44
2655	46
19084	53
5555	55
5993	58
7712	61
8916	62
9522	63
10942	66
14102	69
14485	70
18517	71
22598	75
23293	77
23770	80
9273	84
9325	85
16324	88
1588	90
18540	93
2654	97
3113	98
10524	100
10762	101
12337	103
18924	106
19807	107
6610	113
6700	114
8045	115
9639	117
15784	121
18719	122
19870	123
22527	125
24199	129
25201	131
546	132
8641	134
3316	140
5957	141
6635	144
12118	150
24559	157
5052	159
899	160
2287	162
3096	163
3386	164
4472	165
5346	166
6376	169
10235	171
10597	173
16148	175
16741	176
19297	179
20511	180
20595	181
24371	183
25396	187
6375	190
18580	193
4027	198
6732	199
12806	202
13955	203
15235	204
3178	209
23151	213
25442	216
4822	219
20421	225
23186	229
18511	235
22366	236
1386	238
2720	241
16779	245
25931	247
10243	251
11785	252
24620	253
21657	261
62	262
3032	265
7768	268
13276	269
17266	270
18757	271
22184	272
14967	275
20243	276
25408	277
4241	282
6941	283
10055	284
19233	286
23939	290
1254	291
4748	294
4771	295
5621	298
18619	310
20100	314
6823	318
11563	319
14123	320
15891	321
8592	324
7615	330
13847	331
14003	332
18227	335
20168	336
24568	338
4554	343
5717	344
9316	346
13371	347
14615	348
16498	349
21587	352
23038	353
24160	354
1941	356
7350	357
15846	358
22834	367
25053	369
12380	370
1620	374
3909	376
3922	377
4624	378
6468	380
9907	383
10711	385
11791	386
21491	392
22791	394
14627	398
1172	400
3441	402
7645	405
13352	406
5287	407
482	408
15353	410
17275	414
25138	415
9471	416
9713	419
17414	422
17603	423
24295	426
3420	427
10130	428
23382	434
45	435
570	437
824	439
4164	447
11082	456
12928	463
25758	488
20644	493
12927	502
23107	505
8261	514
8823	517
22369	526
4146	531
4632	532
2115	544
11910	545
16022	549
17589	551
731	553
1186	554
1694	555
7209	556
7844	557
11148	559
16876	564
22837	567
15683	569
6431	575
22177	577
25948	578
676	579
21798	584
6774	585
11964	587
231	591
365	592
13319	598
16115	601
22937	604
6810	606
6963	607
16696	610
19605	612
2558	613
18910	616
11572	619
950	623
6056	624
12422	626
15528	627
25777	630
1234	633
1997	635
2404	636
5134	639
18208	644
18543	645
22421	646
23363	647
23628	648
7991	653
10549	655
15384	657
13032	663
13364	664
25836	670
3872	671
12409	672
16470	673
3927	678
3939	679
7504	683
11621	686
12691	688
16020	690
19059	694
22074	699
12637	701
16607	705
22601	722
1545	724
10996	728
12212	729
14067	730
19080	733
20427	734
12406	736
5266	737
8815	741
12065	742
14952	761
1840	762
8553	770
321	777
6494	779
13556	781
2155	782
25172	784
7007	789
8807	790
2591	795
9773	798
12334	799
19179	802
23880	803
5136	805
7801	806
11275	807
25215	812
25382	813
13008	815
16101	816
22758	817
8612	818
615	819
743	820
15552	828
16083	829
17932	830
20001	831
23481	832
12606	836
13501	837
15935	838
16216	839
4269	843
7245	844
7893	848
18051	850
25189	854
1425	856
4015	858
7105	859
25286	861
4983	862
9360	864
811	866
21776	868
13801	871
20119	873
4125	879
9800	886
5408	893
12763	894
14534	897
19783	898
4442	903
14691	907
21125	908
106	912
2959	914
3677	915
4708	916
5172	917
5794	919
6575	921
8458	922
11401	924
13989	928
14009	930
14599	931
15301	932
25916	934
26023	935
13190	939
23751	940
11183	943
15329	952
18140	953
20954	956
5435	960
24456	963
24431	964
21495	968
25006	969
3632	971
3716	972
8391	973
24101	977
13196	979
9659	980
18595	986
1488	988
20315	992
135	994
1776	995
4697	996
9143	997
12056	1000
13096	1003
13624	1005
14647	1006
16649	1009
19945	1013
6512	1016
4376	1017
205	1027
16506	1031
22336	1033
12842	1036
18973	1037
22721	1040
21831	1043
7444	1056
20346	1080
20574	1081
15523	1090
8614	1096
22609	1097
4466	1098
5497	1099
7899	1100
10983	1101
15625	1105
20478	1108
3679	1109
4364	1110
1116	1113
21287	1116
23227	1117
6421	1119
11696	1122
18758	1126
19489	1127
6351	1133
4766	1134
9735	1137
7050	1141
10113	1143
7042	1147
9943	1148
15614	1150
22693	1158
22951	1159
16521	1163
24029	1165
10456	1167
11746	1168
13411	1169
21800	1171
3243	1173
3890	1174
7985	1175
15316	1179
24148	1181
16393	1185
20956	1186
11613	1187
22917	1189
8824	1190
18182	1192
25272	1193
8208	1196
11402	1198
12980	1199
18109	1202
18365	1203
24845	1204
6482	1207
11612	1213
20116	1215
13995	1220
9283	1222
18681	1225
4382	1228
26141	1229
11053	1231
23403	1232
3280	1235
869	1236
4952	1239
17859	1240
19387	1242
4446	1249
13470	1254
18210	1258
25996	1271
4383	1276
14344	1278
9241	1286
17953	1290
21995	1298
8715	1300
9255	1301
25582	1306
6804	1307
10895	1311
22556	1315
5061	1316
16414	1324
17289	1325
16708	1329
11640	1333
17721	1335
19741	1336
193	1338
12654	1342
26	1353
1407	1354
3999	1355
4552	1356
9862	1358
12373	1360
12968	1361
15108	1363
17308	1365
8305	1367
12665	1371
15321	1372
20647	1373
20827	1374
836	1376
14834	1381
5901	1385
8063	1388
8972	1389
9419	1390
9511	1391
4896	1396
12247	1402
20148	1408
22620	1409
23741	1410
25107	1411
4814	1415
11712	1421
12659	1422
21324	1423
21718	1427
24113	1429
3630	1430
5953	1433
7715	1436
8920	1437
15880	1438
19657	1441
320	1444
9030	1450
4023	1460
1229	1465
25225	1470
179	1472
543	1473
547	1474
3501	1477
4458	1478
4989	1479
12453	1483
22464	1488
23693	1490
10907	1496
4877	1505
8254	1506
12155	1507
17379	1509
2465	1510
3977	1512
19890	1515
6627	1520
23351	1522
17426	1526
1403	1528
12587	1533
14638	1534
16931	1536
21723	1537
24587	1539
1711	1545
19022	1551
23558	1552
26181	1553
23943	1555
17286	1558
17443	1559
11461	1562
13388	1564
1350	1567
23423	1572
17309	1573
21806	1581
6434	1586
20853	1593
21205	1594
1280	1596
11591	1597
16921	1598
3743	1601
5209	1602
13480	1603
25902	1605
1817	1606
3725	1607
5366	1608
10115	1610
12627	1614
23896	1626
7103	1627
22765	1629
2255	1637
6158	1639
20000	1651
21944	1653
23665	1655
21613	1661
1090	1665
7154	1669
11047	1670
20258	1677
8376	1679
2503	1683
18141	1685
10022	1691
13346	1693
14932	1694
19093	1697
20645	1705
8367	1707
81	1708
18297	1711
13493	1714
23394	1717
10211	1719
14176	1720
14430	1721
15300	1722
7563	1733
19219	1741
19557	1742
21544	1749
385	1750
6264	1753
23620	1761
18521	1766
6160	1770
8589	1771
15972	1773
25228	1778
5166	1779
12639	1780
18879	1782
8968	1788
24841	1810
14376	1814
1044	1815
12311	1818
12675	1819
16123	1823
1058	1825
4967	1828
8471	1829
15616	1831
16262	1832
22839	1837
24477	1839
17956	1841
3293	1847
8786	1848
16357	1850
25710	1852
7095	1854
3965	1860
2823	1866
7317	1867
23299	1869
19110	1871
14093	1879
22189	1885
22811	1886
23806	1891
25557	1892
25562	1893
1430	1896
1685	1897
2042	1899
25903	1910
3312	1911
19974	1913
17394	1915
16877	1922
25112	1923
19355	1925
25660	1927
11318	1929
11325	1930
11328	1931
12720	1932
921	1933
18605	1934
5605	1938
6288	1939
12070	1942
4960	1947
14854	1949
19707	1955
24835	1957
2870	1959
4868	1964
8352	1965
2852	1968
12599	1969
25827	1971
2797	1972
5503	1979
10390	1980
8157	1982
8302	1986
13422	1988
11788	1991
523	1992
7774	1994
22599	2000
2922	2001
13174	2006
24340	2008
18625	2009
4493	2010
23720	2011
18904	2025
14983	2034
22530	2036
9093	2037
2306	2042
6838	2045
25220	2046
9922	2048
7829	2050
16717	2058
18524	2065
7087	2067
4756	2075
6524	2077
11923	2079
23477	2080
10024	2082
17681	2083
20587	2084
6271	2093
7013	2095
13404	2097
23723	2118
11939	2122
3804	2125
22979	2126
14872	2131
16334	2132
2505	2136
12296	2138
5355	2139
15770	2141
21322	2142
25111	2145
12160	2147
6895	2149
12758	2151
22023	2152
3037	2153
9712	2154
10726	2155
22699	2160
12040	2161
17249	2162
8198	2163
13010	2164
12786	2166
13673	2167
16511	2175
21297	2179
2326	2180
19048	2182
20182	2183
19023	2184
26088	2189
2072	2190
3323	2191
6905	2192
7475	2195
19351	2198
21130	2202
2202	2206
14051	2209
25034	2225
20191	2228
24860	2229
8047	2232
23681	2236
22439	2245
22611	2246
8178	2249
10824	2251
15912	2257
17403	2262
23918	2267
8215	2268
272	2269
11426	2270
14286	2276
2394	2280
414	2282
8708	2283
24140	2289
24330	2296
9983	2299
3450	2305
5835	2308
12165	2310
10871	2314
11611	2317
6078	2319
6913	2320
930	2321
12552	2326
17089	2331
920	2337
5488	2339
5597	2342
5601	2343
6183	2344
8854	2345
23836	2346
16765	2351
3910	2352
15194	2354
15623	2355
21864	2356
3955	2359
21167	2361
23092	2368
10543	2370
9217	2371
11734	2372
16013	2377
6427	2384
18677	2386
8774	2389
9964	2390
19517	2392
11442	2395
8787	2398
15066	2401
23266	2403
22888	2404
15829	2406
19724	2411
9392	2413
16469	2414
3944	2416
12491	2418
13384	2420
21032	2422
25911	2425
8161	2426
8340	2427
13647	2432
16831	2433
20424	2441
18489	2443
8976	2447
11557	2454
14667	2455
25937	2457
19060	2459
2771	2463
23901	2468
5631	2470
12849	2474
715	2475
16554	2476
17559	2479
3265	2482
13199	2483
15479	2484
19568	2487
6530	2492
15971	2495
22224	2497
22826	2498
8680	2499
20344	2503
17827	2510
18013	2511
19940	2512
2474	2514
16568	2517
21771	2518
1341	2523
5259	2526
7355	2527
18344	2529
4875	2532
24589	2534
24097	2538
10956	2543
11602	2544
8547	2548
10791	2549
10919	2550
15608	2552
16644	2553
1059	2554
6154	2555
7725	2556
13705	2558
15435	2559
16039	2560
17821	2561
23529	2563
2848	2564
18161	2568
1073	2569
18399	2571
20335	2573
16485	2577
18381	2578
22242	2579
3681	2585
13328	2586
24592	2588
281	2589
10588	2593
5352	2595
5729	2596
4102	2598
2356	2600
17419	2601
18105	2602
4433	2603
12687	2607
16475	2609
3058	2617
7578	2622
8122	2623
9769	2624
10652	2626
12874	2627
16647	2631
1519	2637
4301	2640
17991	2643
25904	2644
12743	2645
25729	2647
3998	2648
13029	2651
13622	2652
16749	2654
26065	2656
14781	2658
17017	2659
23267	2663
13469	2665
8298	2673
19356	2679
3052	2680
6711	2681
6904	2683
18271	2684
1736	2685
1914	2686
19462	2688
500	2689
4631	2690
10615	2691
19612	2694
23137	2695
24885	2705
9732	2706
2511	2708
3547	2709
15821	2715
8150	2716
9066	2717
22722	2722
8048	2724
3553	2727
20253	2729
10496	2732
3948	2736
3451	2737
23163	2743
11495	2754
165	2756
3228	2758
6556	2759
9946	2762
4351	2769
3875	2770
8541	2775
9924	2776
11898	2777
2526	2779
21853	2783
24489	2784
8593	2792
17923	2793
18122	2794
13153	2796
24240	2797
5202	2798
17273	2804
12302	2807
6355	2814
23066	2824
14500	2825
12866	2827
20196	2828
3754	2829
16543	2840
238	2841
8442	2848
15125	2850
21220	2851
3119	2852
6072	2856
1124	2858
17039	2861
22028	2862
23454	2863
1267	2864
3321	2868
22903	2875
18215	2881
13970	2884
7091	2890
14707	2891
2085	2893
4468	2896
25086	2906
25180	2907
25785	2908
95	2909
11109	2910
75	2912
6184	2916
9126	2920
18558	2922
18445	2928
2143	2934
4254	2936
1497	2938
16890	2939
2877	2942
21154	2943
8523	2950
820	2955
3953	2956
4483	2958
4250	2963
20002	2967
10850	2975
748	2981
17304	2985
3007	2988
25537	2989
9338	2992
17208	2995
12370	3000
4148	3006
20248	3008
23135	3009
2451	3010
8216	3016
6878	3021
14690	3025
8031	3029
3073	3032
7246	3033
113	3036
1550	3037
17125	3041
18094	3046
20947	3052
1499	3054
24002	3056
23653	3057
3721	3060
24705	3062
2169	3063
23306	3068
864	3069
20383	3070
24870	3073
16335	3079
19078	3080
21772	3083
10352	3085
8520	3086
1608	3089
834	3096
9491	3104
15196	3107
17126	3109
17764	3110
8742	3112
23063	3113
25615	3114
10807	3115
17984	3121
17090	3123
3631	3124
25152	3128
22375	3139
244	3141
16900	3144
14371	3154
2826	3156
364	3160
3292	3161
2352	3163
5056	3166
13498	3174
8155	3179
23233	3180
10468	3184
3209	3191
21928	3193
8177	3198
12107	3199
2124	3208
15786	3210
450	3223
10081	3224
5485	3235
23870	3236
11902	3237
10925	3242
853	3247
6175	3255
9890	3257
24332	3260
18447	3261
1959	3270
22879	3275
9267	3278
20053	3281
2054	3286
10967	3293
25783	3298
13389	3305
8179	3311
19642	3312
19697	3319
25668	3320
4878	3321
21779	3325
24503	3326
2443	3328
14369	3330
17583	3332
2536	3348
25870	3350
2770	3351
25383	3356
10004	3357
2342	3359
13931	3365
20554	3373
21777	3374
19457	3378
13703	3382
12106	3392
8403	3397
12263	3400
15172	3407
10186	3411
25405	3419
17290	3421
26005	3423
9634	3425
18972	3426
14499	3431
9128	3436
8128	3440
9974	3441
19877	3442
20495	3443
21708	3445
25648	3446
8877	3447
6629	3449
17817	3450
19501	3452
3507	3454
19313	3456
9968	3462
1992	3481
16042	3489
24451	3492
16155	3494
9483	3495
12797	3496
19903	3498
2851	3499
2569	3505
2810	3507
4371	3508
1404	3514
8055	3535
8526	3536
10878	3543
14078	3544
18455	3545
23175	3549
3982	3564
9135	3568
2184	3569
23866	3570
12696	3571
6081	3576
6806	3605
23810	3611
4825	3628
15898	3633
9037	3638
1436	3642
19641	3646
13834	3649
26058	3652
8310	3656
21401	3657
8437	3664
1353	3679
15478	3681
24203	3682
6280	3683
21450	3689
15495	3691
24970	3692
839	3695
21184	3698
2386	3699
16584	3704
5425	3707
6626	3714
5533	3718
20772	3720
26193	3722
65	3724
8678	3726
8301	3728
6632	3730
14345	3732
9391	3733
19551	3739
11844	3745
2316	3749
2527	3751
6039	3764
4293	3769
19051	3770
1696	3773
18195	3775
4425	3777
7278	3778
13202	3784
4128	3786
5738	3787
6538	3789
18142	3793
16040	3794
23168	3797
12614	3806
10640	3807
1782	3809
13990	3815
26020	3819
5477	3822
13497	3823
24877	3830
25962	3841
15824	3843
14353	3849
14886	3850
2043	3851
12707	3856
6706	3863
7650	3869
12312	3872
369	3875
2073	3879
23064	3880
11502	3881
4186	3885
16819	3905
8184	3906
23809	3913
13036	3916
5363	3924
17122	3927
9591	3934
17015	3942
21314	3946
6666	3952
21190	3954
24713	3955
8704	3960
4380	3965
16598	3967
17937	3972
25977	3974
20893	3983
11626	3991
16227	3995
7506	4000
20781	4002
3136	4007
14869	4008
7888	4010
9893	4017
11108	4021
5829	4024
14747	4028
5182	4037
12703	4045
11820	4048
23686	4052
16154	4057
6867	4061
2142	4062
23858	4064
21814	4066
1279	4067
19739	4069
17740	4072
9266	4073
23418	4111
18685	4124
8857	4129
22129	4131
23216	4133
1289	4137
14149	4140
19560	4146
19147	4150
14843	4151
22233	4153
13832	4154
19208	4158
10116	4159
2388	4165
4704	4167
11926	4171
25891	4173
12745	4177
15715	4184
11141	4190
17999	4191
18282	4192
18314	4193
9441	4208
4242	4209
7595	4211
20414	4217
12425	4220
17114	4222
7088	4224
12318	4226
11528	4232
22503	4235
1908	4245
3772	4256
14159	4257
14174	4262
22051	4264
14616	4266
10514	4267
20328	4271
19507	4275
5825	4278
9018	4279
18299	4281
9413	4284
915	4286
20558	4289
18066	4290
21621	4292
17343	4293
10684	4294
4018	4295
21101	4299
10433	4301
10338	4308
161	4315
22719	4321
21684	4322
15913	4329
19598	4330
15150	4333
23462	4345
25449	4350
17141	4351
17690	4354
21531	4359
14431	4364
20543	4366
10898	4372
24207	4373
25287	4380
2506	4382
6354	4385
12256	4395
7094	4397
6973	4399
24957	4407
15413	4416
3852	4422
10564	4427
15187	4429
3383	4430
187	4433
18218	4440
18721	4442
1916	4451
20260	4457
17280	4461
25219	4468
11012	4469
2515	4471
8628	4473
19520	4490
17388	4496
13167	4500
13625	4503
1699	4505
18771	4507
24593	4508
18098	4511
1695	4513
21187	4518
26092	4520
21310	4521
22618	4523
25829	4526
1101	4531
11009	4540
15221	4547
510	4553
22285	4554
21515	4564
23303	4568
4265	4569
5271	4571
7597	4572
7468	4579
17951	4584
677	4586
6161	4591
17178	4596
24846	4599
16892	4601
6300	4607
21018	4613
16483	4619
6291	4623
7957	4626
8037	4628
14621	4629
2331	4636
21579	4641
19062	4645
10880	4647
10432	4651
24202	4655
8811	4658
18544	4661
15642	4664
22404	4667
25545	4671
7536	4673
18126	4676
24159	4678
4267	4682
10499	4691
25599	4693
15712	4697
10936	4703
25614	4709
24133	4713
3989	4714
10679	4716
1589	4725
15208	4728
1981	4729
25444	4736
3388	4738
6735	4739
10517	4745
13	4748
11823	4755
19011	4764
8336	4772
25663	4776
10513	4787
19257	4791
16338	4800
82	4802
5839	4810
787	4814
21309	4821
9865	4837
14130	4841
17936	4849
21713	4850
14894	4852
18581	4859
21171	4872
6290	4875
15641	4882
782	4891
18151	4895
18628	4917
24272	4920
25211	4921
7636	4923
4278	4925
3377	4931
4777	4939
26180	4941
10818	4950
18390	4960
22319	4967
8054	4968
5511	4974
13390	4977
2223	4980
16643	4983
14131	4989
142	4992
8735	4994
21303	5000
19221	5002
5697	5006
8558	5008
9224	5012
18596	5017
16622	5019
13334	5023
16314	5026
14182	5029
15358	5031
14175	5034
18156	5038
23760	5040
22110	5044
20084	5047
831	5060
24128	5079
15401	5090
16823	5094
14990	5104
14763	5109
11718	5112
1976	5117
17992	5129
11579	5132
20925	5135
23772	5139
10638	5145
16971	5158
3748	5180
20805	5183
25095	5193
25230	5197
5256	5198
4262	5204
11120	5209
410	5214
9211	5215
24820	5227
5486	5229
19521	5241
23344	26
25143	81
1373	89
20089	2700
25358	2701
15003	467
21508	481
25158	395
9188	797
21847	482
24955	486
12733	403
2133	441
16174	550
10501	2650
727	189
7450	201
18286	206
24939	233
5125	248
8457	3636
16106	2407
1982	1476
22275	373
1838	401
17944	417
21727	2613
13026	925
15399	1114
574	1118
379	1493
2074	725
4138	1928
20884	3532
6030	682
10041	1219
2055	855
21583	603
163	622
25304	1950
11609	656
8625	3329
12664	738
24699	2791
15191	3669
15687	3902
9098	1532
11490	1941
14559	906
5181	959
11052	983
12688	1002
1599	3284
9194	1401
2993	2088
18772	2134
23506	1760
8134	2605
1006	1787
12324	1644
78	1504
2592	1511
24402	2297
11444	1643
24219	1663
8876	1682
4759	2227
10990	4155
22462	3058
16278	3061
3431	4240
80	3111
25091	3035
10253	2181
2713	2481
284	2383
3858	2400
15998	3509
9913	3572
3511	2889
884	2785
21433	3297
7010	3999
23219	3912
6075	3429
13932	3430
22382	3573
25089	4013
21927	3713
5156	3853
12930	3959
19247	4005
9962	4381
22428	4384
7877	4421
20422	4820
14770	4847
13031	5021
13620	5024
1658	218
23945	232
19682	372
302	1936
13862	2294
24	2399
15774	3155
21404	3651
25069	3716
2222	4816
15695	4819
20379	4822
4195	1530
8737	2292
