16654	1071
3411	2434
5901	1385
25444	4736
17729	792
9764	1799
6095	3344
8503	558
9314	1973
8263	4115
19677	2109
24114	1524
15907	3030
11054	5108
20536	2562
17016	3528
23946	3943
14869	4008
13989	928
13346	1693
22798	484
1093	1908
5408	893
8403	3397
3056	1638
16801	1662
13801	871
2247	4826
4427	4835
15774	3155
22023	2152
20926	4743
26042	4583
24471	4504
2072	2190
21657	261
11969	4694
884	2785
8195	3015
15247	3808
800	4499
22433	3473
19980	154
18161	2568
22018	1926
18065	620
6638	2449
24029	1165
161	4315
7444	1056
16976	1590
23266	2403
10351	882
17345	2104
21508	481
19585	2049
21699	811
17536	801
21530	3468
21436	3618
16800	4498
25486	1352
22744	4634
12149	1341
1997	635
19114	1076
19204	2501
20059	1366
8614	1096
7278	3778
14499	3431
11910	545
25205	316
3594	3461
24214	5219
5673	2056
9760	3289
19871	4025
20345	3432
17696	4881
21030	3601
16115	601
18097	3647
18524	2065
19544	3487
21928	3193
25059	4788
20328	4271
10352	3085
23647	79
11182	974
17174	1944
22376	425
18543	645
10388	2935
15829	2406
7245	844
17161	2660
7769	3333
21727	2613
4380	3965
16013	2377
6024	1449
9053	4723
9893	4017
16414	1324
21028	4480
16694	589
25116	3987
4117	2639
6468	380
9907	383
19150	1604
13390	4977
358	3725
11196	4750
19712	4593
15616	1831
23514	2032
4483	2958
7727	3876
3878	3702
2516	3360
11801	1359
18331	1010
3200	4781
6746	2515
14132	5063
4284	2353
12473	5086
492	3519
9735	1137
16803	3386
6094	168
14431	4364
8969	4604
25204	1492
11971	4922
6867	4061
4490	3627
11495	2754
743	820
22620	1409
18685	4124
18340	2892
16717	2058
5225	3134
7713	1984
18344	2529
17670	2408
16084	3065
8579	3
3977	1512
17939	351
1620	374
25469	941
18742	3220
3927	678
12641	2116
10561	4928
14351	1029
16624	2790
26157	2678
9758	3741
733	279
20647	1373
4211	767
4625	2929
19316	1260
2823	1866
24204	3181
1675	2616
7204	950
6579	4550
13624	1005
937	1
18511	235
8157	1982
3430	2239
10765	758
20422	4820
16281	4039
4351	2769
24127	3986
19015	4205
5404	5072
21289	3404
4021	4589
19101	2053
9090	3565
11528	4232
16674	540
15194	2354
6222	4083
4115	661
15006	1803
16946	658
820	2955
403	1318
23991	957
16622	5019
23620	1761
23093	3053
22599	2000
23429	43
2981	4834
5740	167
19520	4490
17337	1740
16890	2939
2917	2581
19551	3739
8365	1641
17882	4118
4037	4775
22144	1243
9266	4073
21220	2851
8177	3198
20780	2028
3451	2737
1595	339
19974	1913
7632	4215
14174	4262
22720	4323
4442	903
11445	2022
22920	4639
4630	5056
18719	122
284	2383
7885	3738
23915	3620
14430	1721
2938	4858
11011	2900
5571	5095
26006	4710
20537	4365
25235	2204
20150	4899
19445	1111
5622	1861
16091	3279
17821	2561
12691	688
7958	4228
4634	3926
23351	1522
20942	3453
7014	851
7023	2096
24183	3512
6376	169
4283	1431
10153	3118
8116	654
5853	5082
14647	1006
19911	4533
16831	2433
13847	331
23918	2267
16608	4270
3825	3982
15358	5031
17172	1146
15770	2141
4382	1228
9391	3733
20248	3008
20305	2274
15485	4501
8053	249
22791	394
15353	410
4472	165
5216	3420
8261	514
11227	3017
10907	1496
21142	1790
17825	3226
8742	3112
18621	4379
14600	2052
2770	3351
14711	3640
23246	1426
21089	1905
179	1472
13815	4332
4650	3143
25319	1026
3119	2852
22979	2126
19022	1551
18032	2486
4712	2978
12247	1402
19434	3252
22990	4543
5995	2247
16314	5026
10002	4580
27	4336
22129	4131
15572	4656
10468	3184
1124	2858
22815	3102
26004	3313
23068	4932
10113	1143
21663	2833
21018	4613
2118	3836
8054	4968
18743	2873
6072	2856
19444	4206
8932	796
18152	3337
18154	3341
80	3111
16742	2295
18278	4248
20100	314
12373	1360
20002	2967
12113	4990
23137	2695
19084	53
6010	2999
23809	3913
6446	4746
15642	4664
16726	563
11631	3690
16853	3002
21815	1625
5218	680
178	1744
9138	1855
25443	2636
15321	1372
2243	3673
4870	1962
23858	4064
3719	507
9895	382
21848	1808
1499	3054
7091	2890
491	2857
19510	4705
14985	3212
7602	4945
11892	1704
25062	4995
25601	82
25719	3964
7042	1147
8626	3861
21548	4036
22848	890
8387	1481
16568	2517
1711	1545
2293	341
23649	128
3955	2359
7935	2521
25304	1950
13680	2038
4196	5089
3409	638
19645	1078
23344	26
25181	2424
13621	2381
9485	2285
75	2912
938	4018
4989	1479
14709	1238
21995	1298
5107	379
5697	5006
19450	4234
3633	2520
21816	3151
7311	3813
1916	4451
12472	1645
24097	2538
19545	523
12053	3216
12192	4812
21101	4299
10986	2947
15678	3616
25359	573
2306	2042
10967	3293
17543	1990
1150	3438
6423	4536
20940	3763
25595	4789
8442	2848
11325	1930
24122	3059
10253	2181
853	3247
12389	1028
10931	2196
18373	2671
10532	547
12135	1001
19890	1515
8592	324
1229	1465
17126	3109
15571	2728
3681	2585
23233	3180
25102	185
12640	4298
19014	4908
10243	251
10427	172
19004	2854
7636	4923
1840	762
14165	2576
20320	5103
24601	4065
6075	3429
9486	3537
23038	353
1776	995
15305	306
9439	1495
6629	3449
21152	4127
10637	3865
11868	421
10763	2171
2394	2280
2388	4165
4697	996
15148	4095
5621	298
20781	4002
23452	368
25159	3910
20064	3643
4266	4981
18398	1580
21864	2356
1995	1045
15413	4416
8376	1679
7542	2817
14403	1735
21930	1956
13614	52
20315	992
25977	3974
14385	1279
9593	3629
19791	94
15306	744
18125	1484
9829	727
20215	3398
23300	3976
25236	3346
8972	1389
1186	554
1344	4675
18067	1710
11231	1340
574	1118
5794	919
21391	1767
19517	2392
26173	2980
23841	860
17468	4783
24753	1914
14485	70
19922	136
2754	4973
16644	2553
22244	4233
3683	2745
10600	1713
17294	775
5059	3467
22693	1158
7015	2348
6031	2582
21386	4435
21205	1594
3066	651
16676	883
5055	1513
8428	3864
18208	644
6079	4797
6859	4189
8787	2398
3910	2352
21191	2832
22989	2393
21169	2954
10391	3162
4782	1952
12213	5149
18156	5038
6532	768
19607	8
4135	9
18233	11
16258	12
4583	14
18866	38
19992	40
7689	60
19738	72
22100	95
339	108
12141	119
24110	156
24559	157
5052	159
20511	180
25396	187
7442	200
3178	209
23614	215
5125	248
8517	250
24620	253
2512	255
12101	256
20924	258
3032	265
23708	273
11891	274
19233	286
1254	291
9755	301
5712	328
7615	330
20168	336
24568	338
1941	356
12380	370
19682	372
22275	373
3922	377
10096	384
10711	385
11791	386
3441	402
9713	419
11026	420
21321	424
24295	426
2949	431
3937	432
14265	433
3839	530
731	553
11148	559
8049	586
15538	588
22457	590
2980	593
5434	594
18579	602
22937	604
9482	615
18910	616
11572	619
950	623
13060	642
23363	647
7991	653
11609	656
13364	664
25528	669
7601	684
13615	702
5674	703
15657	731
12406	736
5266	737
22483	756
2309	766
9649	771
10251	772
13556	781
19179	802
5136	805
25382	813
13008	815
16101	816
811	866
10825	870
21543	875
6667	880
21194	884
20716	888
19609	895
3677	915
11401	924
14599	931
15329	952
18140	953
18724	954
20954	956
24057	958
24431	964
1561	989
22379	993
11107	999
12056	1000
13096	1003
16649	1009
19433	1012
20879	1014
15718	1030
19580	1039
21629	1084
24718	1087
22778	1129
26138	1139
10657	1144
12130	1145
11661	1149
15614	1150
16368	1151
23920	1161
10456	1167
23470	1180
11613	1187
12980	1199
26141	1229
11053	1231
869	1236
3618	1237
23134	1241
4446	1249
25910	1262
16743	1270
1832	1275
4383	1276
9397	1277
7522	1299
8715	1300
20317	1317
9937	1321
17721	1335
12654	1342
12968	1361
12286	1368
12665	1371
1511	1377
14834	1381
22082	1386
21588	1394
4896	1396
6675	1399
19895	1407
3412	1414
5934	1417
9075	1418
24113	1429
6408	1434
320	1444
22394	1461
15455	1463
19184	1468
26127	1471
19675	1486
20062	1487
22493	1489
6064	1494
16575	1497
11919	1527
1963	1546
17245	1554
23943	1555
3917	1575
12478	1578
6434	1586
7883	1587
1014	1600
13480	1603
25902	1605
2255	1637
18875	1649
12045	1658
7154	1669
13067	1681
20641	1746
1606	1752
6264	1753
25378	1768
13013	1811
14376	1814
1044	1815
4975	1821
8471	1829
16262	1832
20375	1842
20391	1846
25710	1852
3965	1860
9127	1868
11400	1873
11733	1876
21162	1907
3059	1909
25660	1927
12720	1932
9207	1960
8282	1963
2120	1983
19052	1985
7774	1994
2504	2047
15127	2063
7087	2067
7013	2095
13404	2097
18396	2107
20231	2110
6895	2149
3037	2153
20182	2183
17501	2185
19379	2186
25034	2225
8178	2249
14606	2254
245	2255
15912	2257
17158	2260
21389	2265
414	2282
14698	2287
24140	2289
5835	2308
10871	2314
1217	2338
5601	2343
6183	2344
9647	2349
26067	2358
9269	2360
21167	2361
9217	2371
11734	2372
25585	2374
10923	2375
25388	2382
6427	2384
17021	2391
23485	2394
11442	2395
13651	2396
24	2399
19724	2411
24252	2415
3944	2416
13384	2420
25911	2425
8161	2426
12054	2428
21468	2429
11792	2431
8976	2447
25250	2448
19060	2459
16554	2476
23204	2489
409	2513
2474	2514
2001	2519
24589	2534
10791	2549
13705	2558
16039	2560
22523	2574
22242	2579
24614	2597
17419	2601
23863	2615
3006	2620
7578	2622
21614	2632
4301	2640
16471	2641
25729	2647
26065	2656
2926	2657
17017	2659
12709	2674
18271	2684
20014	2697
25358	2701
3547	2709
15821	2715
15175	2719
16265	2720
16274	2721
10496	2732
9946	2762
24781	2782
10183	2788
11979	2803
7194	2815
2004	2831
22203	2834
21658	2838
15516	2843
10412	2849
8887	2855
23454	2863
14707	2891
2568	2894
25086	2906
21547	2919
1497	2938
21154	2943
1098	2957
4139	2961
21409	2968
22696	2969
7584	2972
140	2982
3007	2988
25537	2989
21546	2990
12370	3000
16834	3001
2451	3010
15258	3019
6878	3021
14690	3025
19164	3031
24280	3039
20261	3055
24002	3056
8520	3086
2490	3097
19469	3100
15938	3108
17764	3110
13175	3149
364	3160
6033	3177
6533	3178
8155	3179
2475	3190
24765	3194
17848	3204
4052	3228
9890	3257
17981	3258
24332	3260
18447	3261
26168	3283
2054	3286
16336	3294
4781	3318
19697	3319
8625	3329
15977	3334
17118	3335
7446	3345
14033	3352
25383	3356
2342	3359
19964	3361
21998	3362
12645	3385
2009	3394
21333	3399
12263	3400
5519	3401
26167	3405
20155	3422
13932	3430
9974	3441
20495	3443
21708	3445
25648	3446
24595	3459
23713	3466
20526	3478
1992	3481
16155	3494
19903	3498
1860	3500
16719	3526
2184	3569
23866	3570
6806	3605
2044	3626
1436	3642
20331	3644
18557	3655
11066	3670
6280	3683
2386	3699
7695	3701
16584	3704
19810	3719
23248	3721
19801	3723
65	3724
8386	3731
22190	3740
2879	3743
2527	3751
6039	3764
10640	3807
1782	3809
19936	3834
294	3860
18603	3866
21340	3867
23064	3880
17818	3911
23219	3912
253	3925
24713	3955
16756	3966
20893	3983
14771	3985
7010	3999
19247	4005
5087	4019
25526	4026
24728	4040
2142	4062
13283	4063
15372	4123
8504	4126
25387	4132
16955	4166
9441	4208
14170	4216
20414	4217
11427	4218
25130	4229
299	4261
10514	4267
93	4269
11583	4272
4018	4295
23146	4302
21684	4322
15913	4329
19598	4330
12414	4361
24439	4363
20543	4366
17588	4378
20260	4457
2515	4471
8146	4479
13167	4500
13355	4528
25487	4534
6229	4535
11009	4540
21344	4542
3206	4548
7468	4579
21024	4594
5479	4614
4836	4631
7356	4657
18126	4676
10936	4703
12504	4724
6908	4732
8036	4747
13	4748
25663	4776
4264	4782
25176	4786
10513	4787
19941	4798
21309	4821
9606	4827
18581	4859
4110	4879
25211	4921
12554	4924
10522	4927
24504	4969
7479	4972
16886	4991
8735	4994
14358	5007
18454	5020
16312	5025
5387	5037
15154	5062
5492	5083
9831	5085
15401	5090
4643	5102
4116	5220
3466	0
5233	2
10310	4
15931	5
18720	7
9572	15
24372	22
19865	25
231	591
1727	878
2846	47
5555	55
5564	56
5993	58
7459	59
7712	61
8916	62
9522	63
10942	66
18517	71
22598	75
23637	78
23770	80
9325	85
10762	101
624	109
4743	111
15184	120
25201	131
1405	2707
13369	2711
21910	617
1000	576
20089	2700
21012	479
773	438
2741	443
13597	561
4632	532
13411	1169
14512	538
20774	543
23403	1232
8968	1788
9327	3183
11093	1865
7317	1867
22177	577
23299	1869
3909	376
8254	1506
2465	1510
953	1023
1350	1567
8862	1503
4877	1505
24932	1508
3310	375
13276	269
17626	388
21491	392
7350	357
10623	1419
19109	1543
2591	795
9188	797
9773	798
12334	799
13713	800
23880	803
8710	755
17359	1550
23558	1552
20478	1108
25006	969
16210	1323
21432	364
4068	1319
8505	1849
12545	951
16006	1156
16357	1850
20148	1408
23806	1891
25698	1131
2042	1899
21281	480
16032	429
20644	493
25080	498
25903	1910
2710	264
11372	1924
11379	2964
12712	2965
15144	865
17746	2242
12733	403
11328	1931
8031	3029
9066	2717
5695	1384
24371	183
7725	2556
10130	428
12085	560
17414	422
17439	307
894	1413
4814	1415
5441	1416
5717	344
11712	1421
15235	204
17207	205
21665	1424
22734	1425
21650	1032
3730	418
2485	430
12927	502
2115	544
1694	555
5385	297
13220	582
1545	724
15600	2551
16148	175
14615	348
17266	270
21587	352
25354	355
899	160
3096	163
10235	171
20613	182
25271	186
22415	188
4027	198
12806	202
2368	234
22366	236
9763	260
62	262
5302	266
7768	268
10055	284
6172	323
15244	333
24453	337
22834	367
25053	369
5143	1135
5175	1136
17396	1138
4364	1110
4550	965
17731	2452
19489	1127
17191	2123
18612	2409
16106	2407
4555	1297
10726	2155
20827	1374
543	1473
3501	1477
9092	1482
12453	1483
24833	1491
1172	400
9471	416
1403	1528
13310	1566
18778	1075
12884	2566
18453	1074
8224	1121
20119	873
6774	585
13813	2500
10588	2593
20902	2074
6575	921
7579	938
13190	939
23751	940
260	913
5541	918
14009	930
4466	1098
5497	1099
10983	1101
17738	1102
7264	1103
15917	1106
23227	1117
6421	1119
6971	1120
13282	1123
15409	1124
23441	1130
3651	1132
6351	1133
6512	1016
17794	949
16506	1031
7125	1748
21771	2518
17268	746
5953	1433
12874	2627
3982	3564
2420	1281
21379	628
16389	1201
8768	1320
15316	1179
22197	876
18904	2025
23723	2118
25402	1946
15435	2559
1058	1825
1667	990
11416	967
14661	948
20346	1080
5209	1602
7090	2430
13647	2432
17089	2331
19454	2332
9889	596
9511	1391
9255	1301
9993	1322
22476	1303
23114	1345
25572	1305
14558	743
1234	633
2982	614
5134	639
9341	640
12938	662
23628	648
3293	1847
12212	729
16010	1789
7104	769
8553	770
9944	2460
21341	2461
25569	2462
19355	1925
11318	1929
17075	1464
15066	2401
4422	2525
6934	652
12639	1780
22074	699
2307	650
22423	1282
5230	681
6030	682
24023	629
9800	886
15552	828
7533	852
26190	847
3280	1235
22421	646
5578	595
6056	624
15528	627
25777	630
2450	637
1278	1268
6218	1269
17231	3251
14854	1949
12110	2041
18899	1812
6288	1939
5809	1822
12587	1533
20667	2667
7105	859
25480	2330
17285	1152
18739	955
10026	1178
24148	1181
2558	613
135	994
9184	998
12311	1818
12675	1819
16906	1820
18736	1011
21027	853
25189	854
13318	945
14051	2209
14414	2948
23051	1327
16819	3905
24034	3132
17289	1325
12749	3984
25896	911
17956	1841
20683	810
25419	1794
2340	3393
2443	3328
6918	3868
8184	3906
14369	3330
17583	3332
12664	738
2200	788
10919	2550
15206	2539
18158	2350
21317	2540
15191	3669
22046	1538
882	2885
10004	3357
25234	3358
16765	2351
11863	2040
15108	1363
5464	1993
24126	2341
2803	1502
25114	3805
18592	1628
9964	2390
1488	988
4102	2598
7481	2621
17911	1467
23149	2634
23681	2236
3827	902
21125	908
24398	909
12106	3392
22879	3275
14841	4210
3716	972
8391	973
14497	975
24101	977
24385	978
11052	983
4484	991
12688	1002
15816	1008
19945	1013
12842	1036
6905	2192
14020	2193
21653	2194
2851	3499
3685	3234
5938	3064
13199	2483
8774	2389
13740	1347
26	1353
1407	1354
3999	1355
4552	1356
8211	1357
9862	1358
16967	1364
17308	1365
14128	1349
2805	1375
9419	1390
15125	2850
15420	4170
1599	3284
12411	3384
3076	1050
7386	1400
3916	2594
26176	2599
20373	1699
17559	2479
1408	2504
17827	2510
19940	2512
16331	1466
3292	3161
8305	1367
22771	1369
20065	1302
23910	1304
23423	1572
4249	1379
22699	2160
7050	1141
21407	1153
16521	1163
20517	1164
6724	1732
17392	2378
24060	1791
17162	2261
9629	3117
15311	1757
16872	1758
19493	1440
4793	2842
1341	2523
25959	1786
2193	1574
13864	3343
1006	1787
4525	1792
25435	2638
7038	2738
19527	1350
23163	2743
4023	1460
12287	1462
2877	2942
9338	2992
22722	2722
7324	1640
8352	1965
8630	3101
22876	2412
5259	2526
7355	2527
17248	1591
2165	1718
3452	3460
3743	1601
17309	1573
12155	1507
2592	1511
21560	1517
17426	1526
24970	3692
24402	2297
6813	3381
20854	3383
13616	3263
15214	3264
5529	3265
12642	3697
9922	2048
2182	1687
3553	2727
4273	2524
14357	2528
15479	2484
19568	2487
24705	3062
2630	1731
1915	2940
8452	4325
22105	2423
2356	2600
15172	3407
920	2337
9491	3104
11405	3106
21466	3116
14324	2966
17124	3754
6835	4277
13653	1999
9984	3292
19146	2159
25057	3239
15905	2836
5767	2537
19962	3133
2713	2481
9392	2413
3207	2333
8523	2950
269	3437
10445	3685
15998	3509
8680	2499
19206	2502
20344	2503
24506	3458
5729	2596
3511	2889
5202	2798
238	2841
16563	2845
22964	2847
14316	2853
22254	3026
12745	4177
6455	4178
17290	3421
10467	3148
19051	3770
22382	3573
21594	4575
16505	3687
21450	3689
11522	4128
22719	4321
1981	4729
2222	4816
16310	19
19640	20
5787	57
13929	68
14102	69
16324	88
1588	90
18540	93
2654	97
15419	104
16056	105
19807	107
6700	114
9639	117
9785	118
15784	121
22527	125
23576	126
24199	129
24293	130
26098	138
2287	162
10597	173
16741	176
19297	179
727	189
6375	190
10519	191
18580	193
18623	194
13955	203
18286	206
23967	207
10268	222
11785	252
1023	254
20850	257
7383	267
18757	271
22184	272
14967	275
25408	277
4241	282
23939	290
4748	294
11015	302
2501	342
8552	345
17187	350
24160	354
15846	358
11241	359
18487	362
22691	366
4624	378
375	399
1838	401
26194	404
17603	423
3420	427
23382	434
1653	440
4846	450
12365	458
12496	459
12781	461
14807	466
17655	471
19423	474
21847	482
24955	486
934	489
23387	495
24924	497
23107	505
8823	517
7384	533
13164	536
17589	551
18648	552
7844	557
21860	566
9643	568
676	579
16729	583
21798	584
11964	587
5510	605
6963	607
10039	608
13636	609
16696	610
19605	612
21630	621
163	622
10910	625
12422	626
25940	631
345	632
2404	636
12503	641
25251	649
10549	655
22966	667
25836	670
7504	683
16020	690
5672	739
2155	782
7007	789
8807	790
20052	793
21830	794
2556	804
11275	807
17778	809
8851	814
22758	817
11175	825
23481	832
19159	845
25286	861
21776	868
20236	874
14534	897
21705	899
14559	906
2959	914
5807	920
8458	922
25916	934
2341	946
2761	947
8222	966
21495	968
18595	986
214	987
9143	997
205	1027
22336	1033
10381	1035
22721	1040
21831	1043
2449	1047
22609	1097
7899	1100
15625	1105
18790	1107
3679	1109
21287	1116
11696	1122
18745	1125
4766	1134
9943	1148
21994	1154
22621	1157
23110	1160
7811	1166
11746	1168
19954	1170
21800	1171
3243	1173
3890	1174
7985	1175
12306	1176
3164	1183
22917	1189
8824	1190
14547	1191
25272	1193
8208	1196
18109	1202
18365	1203
25379	1205
2059	1206
6482	1207
22372	1208
5639	1212
20116	1215
9283	1222
5769	1230
4952	1239
19387	1242
25996	1271
14991	1273
25516	1274
9241	1286
19013	1293
22644	1294
19624	1308
21165	1326
4642	1328
20129	1343
21754	1344
24270	1346
13142	1362
8219	1370
836	1376
16747	1382
4416	1387
9194	1401
23741	1410
3630	1430
7715	1436
8920	1437
15880	1438
16817	1439
19657	1441
4458	1478
5848	1480
23693	1490
78	1504
9264	1525
3561	1529
7069	1531
9098	1532
14638	1534
15365	1535
16931	1536
24587	1539
10969	1540
8408	1557
5812	1585
7103	1627
9017	1634
9023	1642
14746	1647
23302	1654
14181	1659
20257	1660
8888	1680
10406	1692
14932	1694
20567	1700
14176	1720
8299	1728
18088	1730
7563	1733
18217	1736
24248	1737
9432	1738
1248	1745
21544	1749
10490	1754
17569	1813
16123	1823
7095	1854
11806	1870
11630	1874
11700	1875
11951	1877
12268	1878
16495	1881
22188	1884
22811	1886
23509	1888
23552	1889
23805	1890
1321	1895
1430	1896
1877	1898
4960	1947
16347	1948
2870	1959
8231	1966
9616	1967
2532	1977
16349	1989
11788	1991
7911	2070
4756	2075
8666	2078
11923	2079
23477	2080
17874	2124
3804	2125
12296	2138
21322	2142
22265	2143
23099	2144
10801	2156
16482	2157
17249	2162
3323	2191
22371	2214
21646	2231
3345	2238
10824	2251
19806	2252
20618	2281
13862	2294
2614	2315
18001	2329
11629	2366
10543	2370
21608	2373
17086	2458
1674	2477
3265	2482
20004	2488
16332	2507
22278	2522
8547	2548
15608	2552
2848	2564
10552	2565
16485	2577
13328	2586
17082	2587
24592	2588
5352	2595
13711	2608
16899	2610
10376	2625
10652	2626
15325	2630
1519	2637
8298	2673
6904	2683
19723	2704
2511	2708
8150	2716
10918	2725
20253	2729
17149	2733
6748	2747
1104	2771
24699	2791
16543	2840
7126	2883
6184	2916
18445	2928
15186	2941
8378	2971
23135	3009
113	3036
22462	3058
16278	3061
2169	3063
22147	3067
23063	3113
25615	3114
15209	3119
15669	3120
17984	3121
25152	3128
8398	3182
2124	3208
450	3223
23622	3238
14970	3302
17099	3342
25870	3350
17306	3354
20515	3391
22830	3406
21177	3474
18552	3517
8457	3636
15495	3691
839	3695
20772	3720
26193	3722
8678	3726
15626	3727
199	3747
164	3753
1825	3759
12614	3806
13990	3815
18913	3818
23686	4052
4959	4060
12235	4130
10116	4159
8801	4168
4242	4209
3772	4256
21821	4320
3383	4430
9867	4774
10841	16
13056	17
14982	18
23855	21
15959	24
24444	28
16994	1177
22790	1777
24001	1443
25228	1778
14123	320
21075	73
23293	77
25143	81
9273	84
9710	86
14818	87
1373	89
24696	96
5246	99
12337	103
6610	113
8045	115
20532	124
546	132
4013	133
8641	134
16640	135
26038	137
12016	2664
15003	467
45	435
4575	397
9417	1772
7307	1435
25158	395
7926	221
14093	1879
15685	1880
22189	1885
22899	1851
22975	1887
25562	1893
7801	806
21156	1906
3372	445
17932	830
10463	2240
22439	2245
8063	1388
8612	818
1958	1309
10895	1311
16162	1312
19019	1313
19161	1042
824	439
2133	441
14419	464
16159	469
23907	496
6082	501
22369	526
4146	531
25948	578
18455	3545
3948	2736
25684	1218
10501	2650
13622	2652
13371	347
9124	170
20595	181
11861	192
6732	199
7450	201
5634	217
1658	218
23186	229
23945	232
1310	237
1386	238
2720	241
639	278
6941	283
19340	287
8335	300
11563	319
14003	332
18227	335
19093	1697
5840	1095
1982	1476
14627	398
17979	411
3593	412
17379	1509
2922	2001
6913	2320
4708	916
5172	917
13659	927
14007	929
15399	1114
10590	834
5194	1024
23714	2970
10850	2975
18983	1292
4180	1209
9732	2706
12763	894
14344	1278
24163	1280
17131	1188
19783	898
10350	1062
15580	1184
18182	1192
19215	665
22726	666
23511	668
17800	732
16953	2233
18250	2666
19356	2679
17991	2643
4138	1928
6390	1498
12679	1210
2055	855
17859	1240
1339	1182
16393	1185
21583	603
19140	1259
3872	671
24860	2229
25172	784
21100	3082
21772	3083
751	4020
10062	2235
20947	3052
4195	1530
3631	3124
22555	1961
25988	2567
20001	831
4966	1432
21943	1015
11591	1597
23256	1442
17228	1774
13191	2478
22603	2223
4032	2752
183	2761
22728	2918
18772	2134
22951	1159
25589	1162
14286	2276
22806	2277
15972	1773
20066	3428
20775	3762
1896	2044
8047	2232
20191	2228
20086	3081
25540	3084
19703	2753
7882	1393
5739	2860
22028	2862
8340	2427
124	1664
14319	1671
15663	1672
24340	2008
8737	2292
10555	2220
11812	1734
23727	2237
10807	3115
16177	3087
8446	2043
7829	2050
13702	3336
3524	2473
26005	3423
14809	4197
25783	3298
19978	3338
17581	3632
13970	2884
15715	4184
22746	3956
18586	4338
21433	3297
14924	10
21968	42
15814	92
3113	98
18924	106
19870	123
5346	166
12971	223
21048	227
22393	228
24939	233
2752	280
14864	387
3449	409
17944	417
11082	456
17330	470
16594	539
16174	550
12409	672
11621	686
20122	696
14067	730
5078	783
615	819
5773	823
11604	826
16083	829
16216	839
19107	841
23145	842
4983	862
5365	863
9360	864
15123	867
573	885
13520	1004
11077	1155
20956	1186
13470	1254
6804	1307
16708	1329
5109	1499
18037	1569
20207	1599
22765	1629
1090	1665
18940	1676
7045	1703
19781	1712
15300	1722
3197	1769
8589	1771
19090	1775
16270	1840
17135	1882
3873	1901
17394	1915
4353	1917
6891	2002
7475	2195
24582	2205
15920	2216
4635	2226
4759	2227
5851	2230
22611	2246
23673	2275
8069	2397
22888	2404
14667	2455
20046	2456
19927	2490
17599	2496
22826	2498
6154	2555
3034	2570
18399	2571
4798	2642
3821	2830
18215	2881
25844	2915
19442	2917
13703	3382
20884	3532
15898	3633
1025	3771
9979	4483
17038	6
896	29
7188	30
16770	33
17113	35
20033	41
24578	44
16498	349
1356	877
18297	1711
8279	1845
21158	1935
1508	1843
7209	556
18605	1934
2797	1972
3193	3099
7592	3309
7959	3310
8179	3311
13831	1646
18788	1675
25316	396
25758	488
18521	1766
15159	174
6864	220
20421	225
9306	833
11557	2454
2074	725
11841	2467
23901	2468
15477	1007
12637	701
11102	1272
7893	848
14952	761
12187	2066
15971	2495
2076	821
4515	822
13501	837
16778	849
9135	3568
12627	1614
16921	1598
3228	2758
3654	3408
281	2589
5241	3513
20765	2199
25225	1470
6838	2045
25220	2046
1280	1596
1594	1445
18052	1674
21944	1653
15382	2057
19900	1650
16128	1648
8367	1707
23529	2563
21051	3541
3291	3387
4371	3508
9913	3572
15200	3684
24032	2592
11926	4171
12696	3571
5363	3924
17122	3927
12498	687
18051	850
20702	1469
593	1613
12324	1644
2789	1666
25597	1678
8876	1682
16230	3553
7281	3580
10990	4155
