14770	4847
5490	5115
20116	1215
22766	3796
16506	1031
5674	703
12781	461
26065	2656
19675	1486
17918	2826
19444	4206
19609	895
5485	3235
24820	5227
5184	3322
3595	1226
24503	3326
7543	5078
18278	4248
17182	1224
21684	4322
3451	2737
12321	4401
19808	524
24203	3682
953	1023
14003	332
106	912
24699	2791
6081	3576
8626	3861
17979	411
21579	4641
9634	3425
19923	570
5061	1316
25827	1971
17191	2123
3599	4840
9313	1059
20243	276
5210	1053
16766	32
9147	2506
21303	5000
1000	576
6709	3187
8666	2078
2123	4765
8147	4142
21158	1935
2304	4944
17764	3110
16155	3494
11664	4214
11093	1865
8063	1388
449	2417
23514	2032
17396	1138
18790	1107
15846	358
214	987
14662	4144
392	675
12320	4400
11631	3690
5400	2766
10719	3470
10350	1062
11823	4755
3633	2520
11197	4450
21695	3892
13664	3167
15372	4123
22527	125
10590	834
22253	3785
5425	3707
10677	3939
10004	3357
1124	2858
3547	2709
17865	4680
25614	4709
6807	3604
12616	3886
22603	2223
8579	3
9030	1450
18899	1812
23621	4902
17158	2260
2340	3393
6176	3765
8208	1196
13813	2500
7895	2039
17923	2793
17875	1214
2420	1281
23881	4488
19957	1807
26098	138
22423	1282
9023	1642
4034	5064
15145	2099
1436	3642
21699	811
93	4269
25758	488
19909	3195
14339	5162
17339	1091
24280	3039
10763	2171
2116	5121
23503	2380
19954	1170
13520	1004
2959	914
21584	3497
18943	720
24101	977
6667	880
7481	2621
9335	2203
23946	3943
17280	4461
23107	505
884	2785
23858	4064
8972	1389
21808	3711
21165	1326
5230	681
25598	3757
2926	2657
12928	463
19895	1407
2073	3879
19807	107
2184	3569
400	3011
1695	4513
24439	4363
21032	2422
3034	2570
9208	3524
11593	2821
4822	219
6774	585
17162	2261
12386	1621
17275	414
13675	3884
10601	923
16225	3650
8216	3016
24601	4065
19219	1741
9387	1332
4128	3786
10235	171
22225	1759
6190	2362
15200	3684
25057	3239
20414	4217
18487	362
18156	5038
11528	4232
4164	447
20014	2697
5579	490
23555	3376
6541	3013
135	994
22244	4233
25649	4551
26180	4941
19131	390
20644	493
24294	2877
17981	3258
12414	4361
23622	3238
23429	43
22290	1428
25615	3114
21596	4662
5060	3088
16496	4997
15799	2174
13497	3823
20926	4743
11879	4522
5352	2595
11788	1991
15814	92
24504	4969
12107	3199
22299	3004
4264	4782
21831	1043
25850	1142
9862	1358
14648	1065
14374	4280
25872	754
2293	341
22265	2143
17850	361
14153	4438
24214	5219
25388	2382
1353	3679
7311	3813
21344	4542
4432	5110
20805	5183
24870	3073
179	1472
20774	543
18065	620
14132	5063
19877	3442
3007	2988
23558	1552
9760	3289
5668	4731
5233	2
14007	929
2203	2200
18946	1291
2076	821
2912	2187
25877	3390
5209	1602
7536	4673
4643	5102
11112	2005
15478	3681
14424	2687
21772	3083
21341	2461
19062	4645
22336	1033
20173	3227
12256	4395
22879	3275
19645	1078
25091	3035
7105	859
21548	4036
10897	4481
2883	857
18910	616
22727	3548
24583	2217
6864	220
21593	4860
14171	5238
19355	1925
12644	3634
3804	2125
19677	2109
11712	1421
10805	3715
15657	731
5636	2542
8443	3899
1858	711
21613	1661
3056	1638
17082	2587
15609	4610
2592	1511
12968	1361
24943	1817
21101	4299
22108	3375
8391	973
14845	5239
5529	3265
19806	2252
7477	4790
8512	5067
9458	48
11811	2271
20827	1374
8614	1096
14628	752
2877	2942
16349	1989
12160	2147
4272	4824
18159	3668
24589	2534
22129	4131
16900	3144
1976	5117
22722	2722
26193	3722
409	2513
3279	4785
914	3671
23063	3113
18105	2602
2259	3928
22601	722
1860	3500
8200	2806
4422	2525
15942	3567
3989	4714
17240	3034
11328	1931
11017	2979
14094	4907
9483	3495
17655	471
23863	2615
16148	175
3199	4274
19440	4249
17461	4637
24295	426
17984	3121
11844	3745
20215	3398
15626	3727
22899	1851
12287	1462
16890	2939
9038	5148
5519	3401
4959	4060
6290	4875
15580	1184
4023	1460
6669	4836
15678	3616
482	408
1229	1465
6835	4277
1736	2685
25250	2448
22598	75
16224	3710
13628	4756
20613	182
14502	4742
1765	263
15961	3024
4290	2805
5839	4810
7861	4465
5862	3308
21125	908
5444	3364
24	2399
21386	4435
2785	4462
2295	4334
15850	2221
12187	2066
45	435
4371	3508
25648	3446
22721	1040
2394	2280
6808	3370
22605	4970
24575	4909
9892	2897
10898	4372
21634	1743
16032	429
11082	456
2200	788
18234	3259
21310	4521
12802	4090
8064	2583
21563	2212
2124	3208
14606	2254
5366	1608
23968	326
6184	2916
15899	4799
24732	4823
23093	3053
12660	1265
22320	1809
18417	5101
8558	5008
97	4316
16570	3878
19316	1260
25440	3923
2530	1048
22021	4659
19509	4704
6375	190
14746	1647
6031	2582
16106	2407
9964	2390
8222	966
18091	961
27	4336
22309	3005
20620	363
22964	2847
18879	1782
4293	3769
23038	353
4638	704
1545	724
8549	516
6265	2812
25678	4929
17307	4556
4485	3887
9074	4219
12639	1780
24939	233
4704	4167
17392	2378
13932	3430
2950	3417
18580	193
17343	4293
23299	1869
8738	5022
18540	93
11464	519
12863	4959
15214	3264
23681	2236
2805	1375
14096	4201
17851	5211
17359	1550
17817	3450
20035	4984
8442	2848
16575	1497
18628	4917
1600	2835
11899	2606
24578	44
8408	1557
15181	4635
24615	4106
6963	607
12373	1360
2710	264
16659	1696
20345	3432
5602	1448
915	4286
14340	1801
1350	1567
19383	3904
25234	3358
25975	5105
18552	3517
12512	5059
25978	760
16485	2577
8335	300
16891	4653
11444	1643
17729	792
20647	1373
25595	4789
21407	1153
25094	2357
6009	1250
26159	846
3825	3982
18340	2892
1045	2811
14302	4842
4284	2353
8471	1829
2339	3820
18283	3126
26023	935
11622	4423
11902	3237
3099	2895
6446	4746
17878	4196
16498	349
13989	928
23856	3493
2072	2190
8161	2426
8593	2792
8730	2702
6280	3683
4106	4913
14807	466
18218	4440
18488	503
16931	1536
11944	2944
22046	1538
1498	2886
3136	4007
1006	1787
12801	4884
11182	974
20511	180
11929	4179
1817	1606
2591	795
3977	1512
16216	839
24734	2442
20557	2672
14338	5075
16336	3294
21928	3193
6172	323
8255	4910
165	2756
1280	1596
3243	1173
16013	2377
22556	1315
6408	1434
7811	1166
4117	2639
1327	1020
19866	4670
19257	4791
14661	948
8523	2950
1829	1475
8367	1707
2329	4598
17426	1526
5787	57
20883	4813
18736	1011
22100	95
2409	4863
18445	2928
18996	4696
7463	2165
11623	4903
18913	3818
1292	4699
13355	4528
21588	1394
113	3036
18397	152
5730	3402
17861	3997
1854	13
12045	1658
25226	4901
19222	4402
23420	2619
13283	4063
21199	3003
18517	71
21206	3550
18183	4926
25962	3841
1488	988
18388	5087
20341	1516
8031	3029
25486	1352
8155	3179
4490	3627
21998	3362
9979	4483
21339	4367
899	160
11721	4545
3067	4441
2527	3751
12722	2311
414	2282
21799	3511
7595	4211
3655	3585
21149	4110
1550	3037
5901	1385
6170	4985
15399	1114
8310	3656
19572	4602
23576	126
18245	4574
21012	479
20914	4393
12106	3392
13831	1646
8211	1357
9392	2413
24371	183
17681	2083
25316	396
3752	3142
4988	3040
15249	3232
20534	315
10896	887
215	708
15007	4348
25575	3621
13673	2167
3037	2153
6810	606
5287	407
9026	4668
193	1338
19865	25
824	439
12118	150
23246	1426
9224	5012
15552	828
11591	1597
22555	1961
25251	649
3618	1237
9092	1482
5302	266
7725	2556
10679	4716
26038	137
12066	1620
17463	4029
5608	1397
4759	2227
23883	3317
376	4242
8378	2971
14135	4119
13191	2478
1685	1897
5365	863
18866	38
16230	3553
23529	2563
16067	2471
3990	1688
1549	3795
17453	3935
20552	2903
16006	1156
5172	917
2250	292
15150	4333
18095	717
8206	3157
8215	2268
4380	3965
1896	2044
18297	1711
7188	30
16756	3966
9127	1868
22119	2949
9618	4514
2287	162
3006	2620
24174	3146
21809	4609
14496	1451
19783	898
16261	691
10880	4647
13990	3815
21159	4058
11719	2451
3980	3558
8711	4176
17807	1072
23939	290
8715	1300
18225	1073
95	2909
8629	4618
26138	1139
9785	118
15824	3843
749	3027
13486	5053
4958	4828
2784	3708
6219	329
15685	1880
25228	1778
15668	4708
2984	4425
12296	2138
14868	4868
19903	3498
22830	3406
22815	3102
19473	5217
14652	3464
7585	5137
23204	2489
15358	5031
10056	4976
4727	3555
9606	4827
13705	2558
3750	4141
3814	3587
5434	594
5353	2307
7109	5050
14924	10
7038	2738
2202	2206
19475	1776
13371	347
6158	1639
14690	3025
12053	3216
2526	2779
25664	5093
18279	4578
17114	4222
5503	1979
25667	5169
12460	4311
23355	2905
11893	5168
20261	3055
25179	4032
9631	4371
4301	2640
12122	4831
1125	3534
5268	4718
5385	297
20122	696
8298	2673
17274	2072
11841	2467
16955	4166
17251	2670
18144	4887
8727	1058
1281	4374
4382	1228
13815	4332
9149	4888
6431	575
18720	7
12213	5149
18152	3337
8087	1088
19140	1259
2560	529
9514	3271
3362	4855
12016	2664
15847	4690
26059	2655
2143	2934
8824	1190
25220	2046
10517	4745
11610	2921
10676	3502
2762	4041
6282	5232
10907	1496
15608	2552
20599	2584
22319	4967
19581	3066
124	1664
5361	3653
23464	4346
16486	4236
7523	4309
4870	1962
7647	4537
7504	683
19469	3100
5156	3853
19019	1313
24957	4407
284	2383
20716	888
4143	3369
9983	2299
16414	1324
12248	5126
8404	4559
11718	5112
18182	1192
20616	2546
4814	1415
17848	3204
941	208
7893	848
8474	5116
4181	5128
1653	440
18739	955
16742	2295
22502	1034
4835	4444
18271	2684
18595	986
18398	1580
12851	462
6904	2683
3228	2758
17266	270
3872	671
23298	231
6738	1021
16886	4991
19101	2053
9095	3218
21546	2990
6944	1264
16971	5158
12365	458
14170	4216
16935	3748
17665	2440
17464	1452
19164	3031
2852	1968
15600	2551
8409	5130
6896	1251
14182	5029
357	3975
6700	114
21811	3490
20030	3090
4046	446
22415	188
25482	4979
19221	5002
24431	964
1782	3809
23909	706
20307	1093
23809	3913
7515	4914
25571	3363
14431	4364
24169	4324
5083	4174
3983	1902
16655	4894
17932	830
2563	3663
25562	1893
25904	2644
9986	2450
3207	2333
7475	2195
9735	1137
16899	2610
15395	3331
11194	2173
23693	1490
22372	1208
10115	1610
7194	2815
15683	569
2917	2581
18791	1716
351	709
13529	2773
15108	1363
293	2757
9417	1772
17933	3858
6538	3789
13682	2653
12046	4116
18942	3598
24060	1791
3890	1174
4793	2842
21029	3434
13177	2703
15170	1635
8742	3112
23096	1501
9094	3560
22728	2918
10381	1035
1552	3287
11196	4750
14865	1920
26013	3071
17612	659
281	2589
3452	3460
15714	2102
15770	2141
16820	4255
10026	1178
17882	4118
2991	1727
18454	5020
6859	4189
5232	5240
12337	103
375	399
23775	4470
10906	4135
17950	3185
17564	3316
11577	4343
25540	3084
17308	1365
18784	3811
19012	2273
14638	1534
21858	3485
23424	4963
352	2218
12380	370
19297	179
18771	4507
3677	915
16129	5143
15907	3030
3821	2830
25095	5193
2569	3505
12735	2340
23771	5018
24841	1810
13621	2381
5729	2596
19739	4069
16159	469
5661	4268
1499	3054
11215	5175
15246	4757
19161	1042
2215	4817
21861	2029
4353	1917
20182	2183
23841	860
1293	4074
14165	2576
15187	4429
25870	3350
25940	631
19980	154
22826	2498
5938	3064
6919	3577
140	2982
10268	222
23920	1161
23110	1160
12679	1210
18140	953
2593	4300
20101	1500
26004	3313
11583	4272
14286	2276
17249	2162
9732	2706
3731	110
20424	2441
12659	1422
2136	3933
2010	2580
3196	4369
19557	1742
22109	1836
2535	1049
26048	5226
11002	2364
17754	2064
9269	2360
23266	2403
8871	3122
7715	1436
16743	1270
17465	2699
16070	3249
8352	1965
23304	2253
24454	2696
14667	2455
24499	3254
23721	700
25511	5069
2566	240
12545	951
11186	1981
19457	3378
24219	1663
17189	2324
17692	472
14534	897
17595	3898
24129	2768
17141	4351
12884	2566
2120	1983
16131	3607
6229	4535
19011	4764
5411	1978
17800	732
23916	1612
1254	291
22028	2862
12409	672
19325	1592
14541	2062
23068	4932
11630	1874
2404	636
21665	1424
15081	1089
21816	3151
18684	3451
2512	255
3508	2115
21779	3325
8511	3094
11713	3756
13600	67
13556	781
3999	1355
16644	2553
8881	4986
7050	1141
18894	473
717	4679
4019	4405
6082	501
12387	4489
20765	2199
23772	5139
18884	3547
12849	2474
9895	382
1323	1751
22439	2245
1821	4434
21075	73
18158	2350
1613	4053
15562	2100
830	4721
17419	2601
3377	4931
13684	3125
16505	3687
5697	5006
24616	2112
7601	684
25358	2701
20373	1699
20576	1082
12423	3592
3100	4510
25229	3240
22144	1243
10850	2975
13404	2097
8280	714
8184	3906
24762	1747
22887	485
18920	3078
11840	2272
16102	3703
9758	3741
25059	4788
15182	4965
19445	1111
12458	4310
8036	4747
23146	4302
2334	5172
25130	4229
8072	513
5212	4203
20574	1081
1098	2957
22466	3909
2201	4867
18634	4417
231	591
20654	5088
15523	1090
6482	1207
6711	2681
24456	963
3321	2868
8851	814
21614	2632
17587	5174
18972	3426
23477	2080
24207	4373
13164	536
4555	1297
8374	2698
13369	2711
4377	2090
11052	983
12701	1781
1992	3481
6701	5205
16040	3794
1670	4853
10148	4539
24860	2229
5402	3574
8807	790
7689	60
5838	618
11467	5184
23812	5218
3113	98
17818	3911
22989	2393
5631	2470
19356	2679
10524	100
2981	4834
1862	2763
3765	1668
11183	943
19810	3719
3206	4548
4712	2978
787	4814
13501	837
10445	3685
14419	464
2666	4251
11447	1104
6390	1498
21466	3116
17297	3996
9327	3183
25125	2931
8067	1195
10490	1754
7603	4726
14051	2209
23416	4530
5656	500
10910	625
2826	3156
12135	1001
6340	1054
17626	388
11563	319
18685	4124
18160	334
17394	1915
14485	70
17039	2861
3818	4737
13931	3365
2952	444
20328	4271
23970	5177
18667	2677
3058	2617
11037	4833
10113	1143
1339	1182
12311	1818
22254	3026
17600	4096
19340	287
12318	4226
2558	613
20641	1746
26005	3423
25354	355
18757	271
17382	2974
2803	1502
1910	340
18052	1674
8876	1682
22	942
778	4305
22235	4307
21491	392
2074	725
6920	1919
25856	3915
15959	24
4186	3885
10041	1219
15384	657
5740	167
26102	4794
17439	307
17751	716
18396	2107
5492	5083
1668	4443
24372	22
15123	867
5241	3513
4080	1689
1375	54
24023	629
19301	3127
24640	3042
8195	3015
14102	69
18366	4477
14353	3849
22577	3922
17379	1509
3917	1575
5427	2772
21638	3444
10133	4439
19906	4793
20553	2904
6579	4550
17990	2158
7098	3696
21853	2783
5164	1331
20078	3660
14542	715
8178	2249
11812	1734
20902	2074
8737	2292
4263	4187
12640	4298
16803	3386
3194	2764
1104	2771
16563	2845
24816	4326
19324	1698
21289	3404
4255	293
19443	4445
21776	868
11971	4922
18453	1074
16107	2959
10652	2626
321	777
11991	5027
23300	3976
4428	2435
5211	4870
9325	85
19143	3903
1880	3023
6533	3178
3291	3387
6024	1449
10552	2565
1897	1446
23855	21
19350	1785
3967	4404
2848	2564
11223	102
14009	930
18880	3539
25215	812
9869	1061
5957	141
15235	204
18337	309
19147	4150
1279	4067
3944	2416
8069	2397
4180	1209
24877	3830
11213	3389
18941	2073
2870	1959
14317	3761
19705	3599
5578	595
9207	1960
23409	2614
1059	2554
19605	612
16415	3050
15192	2071
3766	3586
8815	741
5435	960
25610	2369
2465	1510
2613	4419
1621	5049
2341	946
15596	3076
8349	3790
22075	4265
2656	3780
16280	3609
25631	4933
22283	3842
17999	4191
17099	3342
16338	4800
15572	4656
6300	4607
19710	2742
4466	1098
25136	4686
1194	3484
2443	3328
12165	2310
22493	1489
3772	4256
6941	283
885	2135
18758	1126
24463	4453
951	4181
18870	1485
13625	4503
20892	3150
23470	1180
10822	824
22278	2522
22834	367
16858	34
22836	900
25836	670
16334	2132
13847	331
18605	1934
9125	1458
17245	1554
10427	172
25437	910
2144	3581
7506	4000
5412	2014
8774	2389
18971	312
17019	4049
11107	999
14844	4312
22848	890
14691	907
13022	4605
15624	3233
11821	2376
12101	256
9915	581
25585	2374
9517	1872
1322	3241
21313	4519
17934	2767
25053	369
25321	3427
23859	3662
1151	2866
5673	2056
23730	3414
22245	2258
3718	1378
5829	4024
12704	4467
743	820
24251	3782
24204	3181
22839	1837
25896	911
10116	4159
17156	692
11868	421
4777	4939
15175	2719
1073	2569
19451	4953
22435	5208
5134	639
374	4455
7442	200
5479	4614
8400	4962
10878	3543
10991	3353
19184	1468
6307	5052
1044	1815
1694	555
2622	2813
1404	3514
21583	603
14037	3168
6455	4178
17346	4889
23383	214
6095	3344
13683	2739
12290	4555
14698	2287
1092	4368
18036	5032
8198	2163
16881	1256
3372	445
22523	2574
23653	3057
14308	2718
7588	4838
16110	4015
10153	3118
23616	3579
128	1916
13741	3291
7045	1703
23216	4133
18681	1225
4989	1479
13390	4977
11612	1213
18622	693
18585	2466
14619	2446
12110	2041
9075	1418
5809	1822
18783	2902
26178	1267
20925	5135
10467	3148
5848	1480
13389	3305
19313	3456
4110	4879
12887	3891
25382	813
13970	2884
9713	419
3501	1477
23225	2744
4258	1395
17252	3792
2511	2708
21090	1234
20230	1857
9130	5192
20435	3295
3516	4412
22720	4323
16020	690
16976	1590
9962	4381
15160	1589
19110	1871
4247	2962
12263	3400
12369	3173
3388	4738
15663	1672
4834	4081
4828	5071
20257	1660
15252	3403
9593	3629
22806	2277
21608	2373
16755	1565
16835	2385
17591	3961
16174	550
25056	1457
14985	3212
4588	1447
15353	410
1157	2127
25205	316
7857	3804
3033	2887
23672	5118
2117	4608
24470	3803
22087	1835
1373	89
4640	2880
11032	791
23687	4706
10158	65
22778	1129
5469	2786
17179	4328
10765	758
2239	891
15528	627
15365	1535
10407	5206
4013	133
8928	1863
1048	4306
16471	2641
23674	2876
23476	3542
25271	186
4069	3563
25116	3987
15479	2484
26067	2358
18003	3188
12874	2627
21562	2911
7209	556
23757	4720
3996	2219
3239	4341
11842	4358
16314	5026
20346	1080
25844	2915
7046	3047
16483	4619
21195	3844
16729	583
21178	1083
183	2761
8731	4426
11604	826
26042	4583
25868	1997
19450	4234
24332	3260
18619	310
8735	4994
16010	1789
23713	3466
185	707
8156	3396
22699	2160
10317	3929
18383	3840
15300	1722
3466	0
937	1
10310	4
15931	5
17038	6
19607	8
4135	9
18233	11
16258	12
9572	15
13056	17
14982	18
16310	19
19640	20
23344	26
24009	27
24444	28
896	29
7277	31
16770	33
17389	36
18408	37
19089	39
19992	40
20033	41
2655	46
17968	49
13614	52
19084	53
5555	55
5564	56
5993	58
7459	59
7712	61
9721	64
10942	66
13929	68
19738	72
23293	77
23637	78
23647	79
25980	83
9710	86
16324	88
1588	90
1787	91
19791	94
24696	96
2654	97
5246	99
10762	101
15419	104
18924	106
339	108
624	109
4743	111
6610	113
8045	115
15784	121
18719	122
19870	123
24199	129
24293	130
25201	131
546	132
16640	135
24559	157
5052	159
3096	163
5346	166
25102	185
25396	187
727	189
10519	191
11861	192
18623	194
4027	198
17207	205
23967	207
3178	209
23151	213
23614	215
25442	216
7926	221
12971	223
20421	225
21048	227
22393	228
18511	235
8517	250
11785	252
24620	253
1023	254
20850	257
20924	258
3032	265
7383	267
7768	268
13276	269
22184	272
23708	273
14967	275
2752	280
10055	284
4748	294
5621	298
13322	303
15305	306
6823	318
14123	320
8592	324
19464	325
2620	327
5712	328
7615	330
15244	333
18227	335
24453	337
24568	338
9316	346
14615	348
21587	352
24160	354
1941	356
7350	357
11241	359
21432	364
22691	366
23452	368
6023	371
3310	375
3909	376
4624	378
5107	379
9907	383
10096	384
10711	385
11791	386
14864	387
22426	393
4575	397
14627	398
1172	400
3441	402
26194	404
3449	409
3593	412
9471	416
17944	417
3730	418
11026	420
17414	422
17603	423
21321	424
22376	425
3420	427
10130	428
2485	430
2949	431
14265	433
23382	434
773	438
4846	450
12496	459
12678	460
19423	474
21281	480
21508	481
22779	483
934	489
23387	495
24924	497
25080	498
12927	502
8823	517
22369	526
3839	530
4146	531
4632	532
7384	533
14512	538
16594	539
16674	540
2115	544
10532	547
17589	551
18648	552
731	553
1186	554
8503	558
11148	559
12085	560
13597	561
21860	566
9643	568
580	574
22177	577
25948	578
676	579
2049	580
13220	582
21798	584
8049	586
11964	587
15538	588
16694	589
22457	590
2980	593
9889	596
16115	601
18579	602
5510	605
10039	608
13636	609
16696	610
17739	611
2982	614
9482	615
21910	617
11572	619
21630	621
163	622
950	623
6056	624
12422	626
21379	628
25777	630
345	632
1234	633
2450	637
3409	638
9341	640
12503	641
18208	644
22421	646
23363	647
23628	648
2307	650
3066	651
6934	652
7991	653
8116	654
10549	655
11609	656
16946	658
19215	665
3939	679
5218	680
11621	686
12691	688
19059	694
19525	695
22074	699
12637	701
13615	702
16607	705
9829	727
12212	729
14067	730
12406	736
5266	737
5672	739
14558	743
17268	746
22483	756
17538	759
14952	761
8553	770
11670	773
6364	778
6494	779
6857	780
5078	783
25172	784
7007	789
20052	793
21830	794
12334	799
13713	800
17536	801
19179	802
23880	803
2556	804
5136	805
7801	806
11275	807
14089	808
17778	809
13008	815
16101	816
22758	817
8612	818
615	819
4515	822
5773	823
11175	825
14004	827
16083	829
20001	831
23481	832
9306	833
12606	836
19107	841
23145	842
4269	843
7245	844
19159	845
26190	847
16778	849
18051	850
7533	852
25189	854
1425	856
4015	858
25286	861
9360	864
15144	865
811	866
13801	871
20236	874
21543	875
1727	878
4125	879
10351	882
21194	884
9800	886
22894	892
5408	893
12763	894
10912	896
21705	899
11638	901
3827	902
4442	903
8595	904
14559	906
260	913
4708	916
5541	918
5794	919
5807	920
6575	921
8458	922
11401	924
13026	925
13205	926
13659	927
14599	931
15301	932
25916	934
13190	939
23751	940
25469	941
15793	944
13318	945
2761	947
17794	949
7204	950
20954	956
24057	958
5181	959
23559	962
4550	965
11416	967
21495	968
25006	969
3716	972
14497	975
24385	978
13196	979
9659	980
25607	981
1561	989
1667	990
4484	991
9143	997
9184	998
12056	1000
13096	1003
14647	1006
15477	1007
16649	1009
18331	1010
19433	1012
19945	1013
20879	1014
21943	1015
6512	1016
5194	1024
205	1027
14351	1029
15718	1030
12842	1036
3076	1050
7444	1056
18778	1075
21629	1084
20660	1094
5497	1099
7899	1100
10983	1101
17738	1102
7264	1103
15625	1105
15917	1106
20478	1108
3679	1109
4364	1110
21287	1116
23227	1117
11696	1122
13282	1123
15409	1124
18745	1125
19489	1127
21497	1128
23441	1130
25698	1131
3651	1132
6351	1133
5143	1135
5175	1136
10794	1140
12130	1145
17172	1146
7042	1147
11661	1149
15614	1150
16368	1151
17285	1152
21994	1154
11077	1155
22621	1157
22693	1158
22951	1159
25589	1162
24029	1165
10456	1167
11746	1168
13411	1169
21800	1171
7985	1175
12306	1176
16994	1177
15316	1179
24148	1181
3164	1183
16393	1185
11613	1187
22917	1189
14547	1191
25272	1193
2661	1194
11132	1197
12980	1199
14969	1200
16389	1201
18109	1202
18365	1203
24845	1204
25379	1205
2059	1206
8701	1211
5639	1212
23095	1216
24944	1217
25684	1218
13995	1220
9283	1222
26141	1229
5769	1230
11053	1231
23403	1232
18723	1233
3280	1235
869	1236
14709	1238
4952	1239
17859	1240
23134	1241
19387	1242
12981	1244
4446	1249
9736	1252
13470	1254
25910	1262
14372	1266
1278	1268
6218	1269
11102	1272
14991	1273
25516	1274
9241	1286
19013	1293
22644	1294
26170	1296
7522	1299
9255	1301
20065	1302
22476	1303
23910	1304
25572	1305
25582	1306
6804	1307
19624	1308
1958	1309
10895	1311
16162	1312
20317	1317
4068	1319
9937	1321
9993	1322
16210	1323
17289	1325
23051	1327
4642	1328
1078	1330
17721	1335
10819	1339
12149	1341
12654	1342
20129	1343
21754	1344
23114	1345
24270	1346
13740	1347
14128	1349
19527	1350
4552	1356
11801	1359
13142	1362
20059	1366
8305	1367
12286	1368
22771	1369
8219	1370
12665	1371
15321	1372
1511	1377
4249	1379
7511	1380
14834	1381
16747	1382
5695	1384
22082	1386
4416	1387
9419	1390
9511	1391
15559	1392
7882	1393
4896	1396
6675	1399
7386	1400
9194	1401
12247	1402
20148	1408
23741	1410
894	1413
3412	1414
5441	1416
5934	1417
10623	1419
11491	1420
21324	1423
22734	1425
24113	1429
3630	1430
4283	1431
5953	1433
7307	1435
8920	1437
15880	1438
16817	1439
19493	1440
19657	1441
23256	1442
24001	1443
320	1444
18042	1454
15943	1459
22394	1461
15455	1463
17075	1464
16331	1466
17911	1467
20702	1469
25225	1470
26127	1471
543	1473
547	1474
4458	1478
8387	1481
12453	1483
20062	1487
22464	1488
24833	1491
25204	1492
5109	1499
4877	1505
8254	1506
24932	1508
23351	1522
24114	1524
9264	1525
1403	1528
3561	1529
12587	1533
24587	1539
19109	1543
1963	1546
23943	1555
17443	1559
11461	1562
18037	1569
23423	1572
17309	1573
2193	1574
12478	1578
21806	1581
5812	1585
6434	1586
17248	1591
22831	1595
20207	1599
3743	1601
13480	1603
25902	1605
12627	1614
13333	1622
7103	1627
22765	1629
9017	1634
16589	1636
2255	1637
7324	1640
12324	1644
16128	1648
19900	1650
20000	1651
21944	1653
23302	1654
24722	1657
14181	1659
16801	1662
1090	1665
2789	1666
7154	1669
11047	1670
14319	1671
18940	1676
25597	1678
2503	1683
10022	1691
10406	1692
13346	1693
14932	1694
15166	1695
20567	1700
81	1708
19781	1712
10600	1713
23394	1717
10211	1719
14176	1720
14430	1721
15617	1723
8299	1728
14403	1735
18217	1736
17337	1740
178	1744
1248	1745
21544	1749
385	1750
6264	1753
13966	1755
14377	1756
15311	1757
16872	1758
23620	1761
25378	1768
6160	1770
8589	1771
15972	1773
17228	1774
19090	1775
22790	1777
5166	1779
25959	1786
8968	1788
21142	1790
4525	1792
6337	1793
25419	1794
13013	1811
17569	1813
14376	1814
12675	1819
16906	1820
16123	1823
1058	1825
4967	1828
16262	1832
8279	1845
20391	1846
3293	1847
8505	1849
16357	1850
25710	1852
3053	1858
2823	1866
7317	1867
11806	1870
11400	1873
11700	1875
11733	1876
11951	1877
12268	1878
14093	1879
16495	1881
17135	1882
20169	1883
22188	1884
22811	1886
23509	1888
23552	1889
23805	1890
23806	1891
25557	1892
1311	1894
1321	1895
1430	1896
1877	1898
21089	1905
21156	1906
21162	1907
25903	1910
19974	1913
24753	1914
6558	1918
15941	1921
16877	1922
22018	1926
5605	1938
6288	1939
11490	1941
12070	1942
25402	1946
14854	1949
25304	1950
24835	1957
8282	1963
4868	1964
8231	1966
9616	1967
12599	1969
25721	1970
2797	1972
2532	1977
10390	1980
8157	1982
13422	1988
17543	1990
2922	2001
6891	2002
10620	2004
13174	2006
18904	2025
22530	2036
9093	2037
13680	2038
11863	2040
6838	2045
15382	2057
16717	2058
4673	2060
8074	2061
7087	2067
4298	2069
7911	2070
4756	2075
4765	2076
11923	2079
10024	2082
20587	2084
2087	2086
2993	2088
6271	2093
7023	2096
17345	2104
20231	2110
23723	2118
11939	2122
17874	2124
22979	2126
18772	2134
21322	2142
23099	2144
25111	2145
4289	2146
19809	2148
6895	2149
22023	2152
10726	2155
10801	2156
16482	2157
19146	2159
13010	2164
12786	2166
14325	2178
10253	2181
19048	2182
17501	2185
19379	2186
26088	2189
6905	2192
14020	2193
21653	2194
10931	2196
21130	2202
24582	2205
18905	2211
22371	2214
15920	2216
10555	2220
23513	2224
25034	2225
4635	2226
20191	2228
5851	2230
21646	2231
16953	2233
10062	2235
23727	2237
3345	2238
3430	2239
22611	2246
5995	2247
10824	2251
245	2255
15912	2257
21389	2265
23918	2267
272	2269
11426	2270
23673	2275
20618	2281
9485	2285
24402	2297
5835	2308
9450	2309
20184	2313
10871	2314
2614	2315
7449	2316
6078	2319
930	2321
16513	2327
25480	2330
17089	2331
19454	2332
1149	2334
4724	2335
6832	2336
920	2337
1217	2338
5488	2339
24126	2341
5597	2342
5601	2343
6183	2344
8854	2345
23836	2346
16765	2351
3910	2352
15194	2354
15623	2355
21864	2356
3955	2359
21167	2361
11629	2366
9217	2371
11734	2372
10923	2375
21469	2379
6427	2384
18677	2386
17021	2391
19517	2392
23485	2394
11442	2395
8787	2398
15066	2401
22888	2404
15829	2406
18612	2409
19724	2411
22876	2412
16469	2414
24252	2415
12491	2418
13384	2420
14079	2421
22105	2423
25911	2425
8340	2427
12054	2428
13647	2432
18489	2443
12032	2445
8976	2447
6638	2449
11557	2454
20046	2456
17086	2458
19060	2459
9944	2460
25569	2462
2771	2463
13619	2465
3524	2473
16554	2476
1674	2477
17559	2479
3265	2482
13199	2483
19568	2487
20004	2488
19927	2490
15971	2495
17599	2496
19204	2501
19206	2502
1408	2504
16332	2507
17827	2510
19940	2512
2474	2514
6746	2515
16568	2517
21771	2518
7935	2521
1341	2523
5259	2526
7355	2527
14357	2528
18344	2529
5767	2537
15206	2539
21317	2540
11602	2544
10791	2549
10919	2550
6154	2555
11125	2557
15435	2559
16039	2560
17821	2561
20536	2562
25988	2567
18161	2568
18399	2571
22242	2579
3681	2585
13328	2586
24592	2588
24032	2592
10588	2593
3916	2594
24614	2597
4102	2598
26176	2599
2356	2600
12687	2607
13711	2608
17843	2611
11815	2618
7578	2622
10376	2625
13999	2628
15325	2630
16647	2631
23149	2634
1519	2637
25435	2638
4798	2642
17991	2643
10501	2650
13622	2652
16749	2654
14781	2658
17017	2659
17161	2660
23267	2663
13469	2665
18250	2666
20667	2667
4189	2668
18443	2675
18658	2676
22725	2682
1914	2686
19462	2688
10615	2691
23137	2695
20089	2700
19723	2704
24885	2705
1405	2707
15821	2715
9066	2717
16265	2720
16274	2721
10918	2725
3553	2727
15571	2728
20253	2729
10496	2732
17149	2733
3948	2736
21203	2740
21778	2741
4032	2752
11495	2754
6556	2759
17194	2760
9946	2762
4351	2769
3875	2770
11898	2777
24781	2782
24489	2784
10183	2788
10966	2789
6073	2795
20787	2799
11979	2803
17273	2804
12302	2807
1029	2809
3819	2810
23066	2824
14500	2825
12866	2827
3754	2829
15905	2836
21635	2837
16543	2840
238	2841
10412	2849
15125	2850
21220	2851
14316	2853
491	2857
1818	2859
5739	2860
23454	2863
3843	2869
10247	2871
18215	2881
19248	2882
7126	2883
882	2885
3048	2888
7091	2890
14707	2891
2085	2893
4468	2896
25180	2907
25785	2908
11109	2910
75	2912
19442	2917
21547	2919
9126	2920
10539	2932
10388	2935
1497	2938
21154	2943
16429	2945
10986	2947
4483	2958
4250	2963
11379	2964
12712	2965
14324	2966
21409	2968
22696	2969
12049	2973
25537	2989
9338	2992
23135	3009
15258	3019
6878	3021
283	3022
7246	3033
20952	3038
17125	3041
20947	3052
24002	3056
24122	3059
2169	3063
22147	3067
864	3069
16213	3072
20086	3081
21100	3082
10352	3085
8520	3086
16177	3087
1608	3089
24341	3095
3193	3099
8630	3101
9491	3104
11405	3106
80	3111
10807	3115
9629	3117
15209	3119
17090	3123
3631	3124
25152	3128
5359	3129
24034	3132
19962	3133
244	3141
4650	3143
22246	3145
13175	3149
3188	3152
5830	3153
14371	3154
15774	3155
17688	3159
2352	3163
13498	3174
22239	3176
6033	3177
23233	3180
8398	3182
10468	3184
2475	3190
24765	3194
23474	3196
1833	3197
8177	3198
13604	3217
450	3223
866	3225
17825	3226
4052	3228
3685	3234
23870	3236
16068	3244
25674	3246
853	3247
17231	3251
6175	3255
7072	3256
9890	3257
18447	3261
396	3262
13616	3263
15568	3266
4000	3269
1599	3284
18237	3285
2054	3286
9984	3292
10967	3293
20479	3296
15960	3306
18782	3307
7959	3310
19642	3312
6583	3314
15974	3315
4781	3318
19697	3319
25668	3320
8643	3323
24942	3327
14369	3330
17583	3332
15977	3334
13702	3336
19978	3338
7446	3345
25236	3346
2770	3351
14033	3352
17306	3354
25383	3356
2342	3359
2516	3360
19964	3361
7802	3371
21777	3374
13703	3382
12411	3384
12645	3385
5843	3388
20515	3391
8403	3397
21333	3399
26167	3405
15172	3407
3654	3408
10186	3411
24412	3416
5216	3420
17290	3421
20155	3422
20066	3428
6075	3429
14499	3431
1150	3438
1611	3439
20495	3443
21708	3445
8877	3447
19501	3452
20942	3453
21755	3457
24595	3459
3594	3461
14383	3463
21177	3474
24451	3492
2851	3499
24961	3503
7586	3504
5546	3506
15998	3509
18145	3510
24183	3512
20884	3532
8055	3535
8526	3536
14078	3544
18455	3545
23175	3549
5240	3552
70	3554
16962	3559
19061	3561
2080	3562
3982	3564
9090	3565
9135	3568
23866	3570
12696	3571
9913	3572
22382	3573
19358	3578
7281	3580
6806	3605
2044	3626
17581	3632
15898	3633
8457	3636
18030	3637
9037	3638
20064	3643
20331	3644
26058	3652
11878	3654
18557	3655
11066	3670
10446	3678
3286	3680
21450	3689
15495	3691
24970	3692
839	3695
12642	3697
21184	3698
2386	3699
6503	3700
7695	3701
3878	3702
16584	3704
22463	3705
4469	3706
16109	3709
24161	3712
5533	3718
20772	3720
23248	3721
19801	3723
65	3724
358	3725
8678	3726
2879	3743
7854	3744
1427	3746
199	3747
2316	3749
17124	3754
25661	3758
1825	3759
6226	3760
20775	3762
6303	3766
20949	3768
19051	3770
1025	3771
7278	3778
9248	3779
14560	3781
5738	3787
5478	3788
12042	3791
18142	3793
23168	3797
25114	3805
12614	3806
15357	3817
26020	3819
24594	3821
5477	3822
2455	3848
14886	3850
294	3860
6918	3868
20636	3870
7727	3876
23064	3880
16266	3888
15248	3900
10346	3901
16819	3905
23219	3912
9591	3934
6737	3951
21190	3954
24713	3955
22746	3956
8704	3960
25719	3964
16598	3967
25977	3974
24960	3977
20893	3983
12749	3984
16941	3992
16227	3995
8728	4006
751	4020
11108	4021
14747	4028
22378	4042
11820	4048
23686	4052
16154	4057
6867	4061
2142	4062
21814	4066
14550	4068
20568	4070
9266	4073
14157	4093
23418	4111
25957	4113
8263	4115
19126	4117
8504	4126
21152	4127
8857	4129
12235	4130
25387	4132
8530	4134
21144	4136
14149	4140
11616	4143
4750	4149
10990	4155
2388	4165
12695	4169
15420	4170
5084	4175
12745	4177
15715	4184
18282	4192
4275	4195
14809	4197
15524	4198
1556	4199
9441	4208
4242	4209
8118	4212
15802	4213
7632	4215
11427	4218
18275	4221
20489	4223
7546	4225
19800	4227
7958	4228
22503	4235
2003	4238
16620	4244
299	4261
14174	4262
22051	4264
14616	4266
16608	4270
19507	4275
9018	4279
18299	4281
19687	4282
18624	4288
21621	4292
10684	4294
4018	4295
10433	4301
10338	4308
16651	4313
19378	4314
19583	4319
22719	4321
8452	4325
9871	4327
15913	4329
19598	4330
18586	4338
11465	4342
25449	4350
11462	4352
1656	4355
20543	4366
17588	4378
22428	4384
1857	4403
5626	4406
7053	4413
12618	4414
1662	4418
3852	4422
10564	4427
8970	4428
3383	4430
187	4433
18721	4442
15706	4454
20260	4457
24597	4460
25219	4468
11012	4469
5548	4482
5577	4487
19520	4490
23084	4491
16800	4498
18098	4511
19380	4512
24490	4525
3074	4529
10847	4538
22990	4543
25839	4552
25853	4558
7597	4572
10559	4573
21594	4575
24846	4599
11968	4603
8969	4604
8077	4606
21018	4613
6291	4623
4836	4631
2331	4636
373	4640
16232	4643
10356	4644
4372	4646
3851	4648
10432	4651
7356	4657
8811	4658
22404	4667
18669	4669
25545	4671
8538	4672
7534	4674
24159	4678
10341	4701
10936	4703
17471	4715
115	4717
8671	4719
16802	4722
1589	4725
6735	4739
23167	4740
13325	4741
5119	4744
13	4748
8372	4754
20332	4759
23710	4760
9867	4774
25510	4784
25176	4786
10513	4787
22961	4792
21390	4801
21309	4821
2557	4825
2247	4826
5973	4829
4427	4835
9865	4837
7590	4839
14130	4841
14894	4852
22325	4861
16226	4869
1187	4874
19548	4885
15423	4886
20319	4890
22645	4896
17785	4918
25211	4921
4278	4925
1660	4930
1383	4934
19064	4942
16932	4955
18390	4960
1836	4961
8054	4968
21623	4971
7479	4972
10382	4978
16643	4983
12113	4990
25062	4995
8185	4996
734	5001
17470	5003
14358	5007
13717	5009
16622	5019
13334	5023
16312	5025
3186	5028
17537	5030
18338	5033
5387	5037
6576	5048
12751	5051
15154	5062
9715	5065
9717	5066
25492	5068
22729	5076
5853	5082
19892	5100
20320	5103
14990	5104
14763	5109
20766	5111
98	5127
17992	5129
2248	5131
16922	5134
735	5140
18608	5161
8891	5167
10180	5173
23156	5176
10602	5182
19575	5185
5406	5207
11120	5209
4116	5220
20707	5228
5261	5231
14	5237
19521	5241
4583	14
10841	16
17113	35
21968	42
3197	1769
495	45
2846	47
8916	62
9522	63
23770	80
25143	81
9273	84
14818	87
16056	105
12141	119
20532	124
24110	156
1508	1843
7592	3309
8179	3311
15003	467
2741	443
7844	557
16726	563
12472	1645
18788	1675
2501	342
8862	1503
1620	374
3922	377
6468	380
22791	394
25158	395
10969	1540
8932	796
9188	797
9773	798
3937	432
8710	755
9943	1148
22189	1885
3873	1901
570	437
24955	486
11372	1924
12733	403
4983	862
9755	301
11015	302
8312	757
5717	344
18521	1766
21391	1767
21650	1032
2133	441
17330	470
22798	484
23907	496
8261	514
11910	545
8786	1848
12389	1028
8552	345
17187	350
3386	164
9124	170
15159	174
16741	176
20595	181
23297	196
6732	199
12806	202
13955	203
18286	206
23186	229
2368	234
22366	236
1310	237
1386	238
2720	241
16779	245
25931	247
5125	248
8053	249
10243	251
62	262
11891	274
25408	277
639	278
4241	282
20100	314
17385	322
20168	336
2449	1047
4766	1134
19093	1697
5840	1095
22609	1097
13624	1005
17731	2452
836	1376
17670	2408
1982	1476
18125	1484
22275	373
1838	401
13310	1566
8224	1121
20119	873
4493	2010
23720	2011
6913	2320
3946	2322
4760	2323
21727	2613
7579	938
1116	1113
574	1118
6421	1119
6971	1120
7125	1748
9647	2349
23714	2970
16347	1948
4975	1821
18983	1292
4383	1276
7014	851
9397	1277
14344	1278
24163	1280
8768	1320
17131	1188
10825	870
22197	876
4488	4051
6442	2081
24718	1087
7090	2430
2155	782
11231	1340
1997	635
4036	660
13032	663
13060	642
15329	952
1711	1545
11919	1527
2915	1547
6524	2077
23901	2468
25660	1927
4138	1928
12720	1932
25050	2662
3927	678
6030	682
12498	687
11402	1198
22937	604
2055	855
20956	1186
22269	1172
18543	645
25996	1271
4960	1947
20303	1824
18001	2329
2009	3394
21027	853
16270	1840
17956	1841
20375	1842
20683	810
8625	3329
12664	738
22574	753
15191	3669
9432	1738
25112	1923
15687	3902
4195	1530
7069	1531
9098	1532
21723	1537
18088	1730
302	1936
18592	1628
7563	1733
8122	2623
4966	1432
24398	909
14841	4210
20315	992
22379	993
4697	996
12688	1002
3323	2191
26	1353
1407	1354
16967	1364
8801	4168
22620	1409
16921	1598
364	3160
3292	3161
10391	3162
12040	2161
2490	3097
14872	2131
10657	1144
20517	1164
10543	2370
6724	1732
23092	2368
1606	1752
8134	2605
26173	2980
8047	2232
8150	2716
13864	3343
15669	3120
19703	2753
21718	1427
1594	1445
23163	2743
12611	2993
1258	2444
24330	2296
2607	2304
20003	2312
3418	1667
8978	1633
8365	1641
23665	1655
2165	1718
78	1504
12155	1507
13651	2396
13862	2294
11113	2661
18875	1649
6813	3381
20854	3383
11293	3105
9922	2048
8376	1679
13067	1681
2182	1687
13493	1714
20196	2828
9128	3436
4273	2524
24705	3062
2326	2180
6266	2188
2630	1731
24248	1737
1915	2940
15186	2941
5271	4571
24140	2289
15938	3108
20383	3070
164	3753
3052	2680
12797	3496
8446	2043
6185	3415
19102	4349
3850	3435
11227	3017
2713	2481
3450	2305
5130	2306
14970	3302
25783	3298
500	2689
13971	2901
25086	2906
8680	2499
2001	2519
20344	2503
24506	3458
2487	4642
3511	2889
15516	2843
15413	4416
20554	3373
21433	3297
9312	4001
20940	3763
11926	4171
12425	4220
25089	4013
17006	3742
6039	3764
12930	3959
11522	4128
7088	4224
2611	4243
161	4315
21821	4320
7877	4421
11009	4540
17178	4596
6350	4752
20422	4820
15641	4882
5466	4883
9579	4954
13031	5021
13620	5024
24814	23
6635	144
1796	161
6094	168
10597	173
7450	201
1658	218
23945	232
21657	261
19682	372
573	885
16521	1163
16708	1329
379	1493
12739	1563
13388	1564
23224	1568
8888	1680
7095	1854
22975	1887
11318	1929
11325	1930
24340	2008
2306	2042
8547	2548
7625	2604
25729	2647
2568	2894
11011	2900
22462	3058
16278	3061
16335	3079
19078	3080
17126	3109
20526	3478
21404	3651
19551	3739
13036	3916
9893	4017
10514	4267
13144	4415
2222	4816
18676	1521
17746	2242
20427	734
4433	2603
23306	3068
10458	2899
8476	2933
7885	3738
22190	3740
5116	726
19080	733
25565	735
10463	2240
16475	2609
