1407	1354
18234	3259
15582	1953
5125	248
17739	611
17470	5003
10912	896
25661	3758
8151	3521
21316	74
23945	232
3007	2988
25996	1271
16899	2610
2559	2535
7206	1284
12971	223
10355	3290
3209	3191
5413	3477
3292	3161
13989	928
15977	3334
14376	1814
4383	1276
18612	2409
23509	1888
410	5214
4685	3043
5287	407
3387	1796
21823	2288
884	2785
1862	2763
26127	1471
21779	3325
4298	2069
6219	329
20543	4366
12066	1620
25	4560
1916	4451
13528	751
24841	1810
2511	2708
11215	5175
15708	2101
2124	3208
2203	2200
25628	3717
8643	3323
8387	1481
25138	415
19147	4150
15415	3044
283	3022
11617	3433
24097	2538
4284	2353
4027	198
19019	1313
4469	3706
3466	0
16155	3494
14990	5104
11372	1924
19445	1111
2620	327
12414	4361
1855	3750
8503	558
17440	3483
3451	2737
677	4586
15666	2301
25176	4786
23441	1130
4576	1283
22275	373
11197	4450
17273	2804
7383	267
7071	3014
13486	5053
15221	4547
4588	1447
25152	3128
20433	4949
18624	4288
26023	935
14638	1534
6737	3951
2557	4825
19870	123
5545	3189
18065	620
9458	48
8925	3686
22199	4147
2350	3418
14534	897
22320	1809
19573	721
5787	57
23950	2279
4272	4824
22748	3480
5661	4268
8185	4996
9736	1252
16265	2720
2805	1375
7893	848
4774	2055
3818	4737
14616	4266
3922	377
19109	1543
1561	989
17721	1335
16892	4601
6280	3683
6301	2870
24699	2791
16818	2822
2248	5131
12307	5035
7515	4914
2201	4867
20660	1094
3632	971
24294	2877
1552	3287
13673	2167
16227	3995
2984	4425
18870	1485
22699	2160
13971	2901
6726	3380
23683	1838
21322	2142
15366	1579
22242	2579
4428	2435
18522	3186
5740	167
19012	2273
7573	1762
14004	827
8538	4672
1375	54
15418	3801
25231	4768
12507	1063
24463	4453
25948	578
4819	3200
4989	1479
11233	148
20915	889
19801	3723
7999	2248
1545	724
6190	2362
12419	3455
18736	1011
12641	2116
13035	4014
11898	2777
2169	3063
2503	1683
16389	1201
4702	1348
1694	555
4630	5056
21861	2029
6748	2747
16280	3609
23864	1261
22503	4235
6828	1025
9993	1322
15616	1831
12968	1361
18597	3980
5717	344
2329	4598
14924	10
12751	5051
8862	1503
19569	2472
128	1916
1670	4853
2526	2779
2613	4419
2475	3190
8742	3112
8340	2427
22290	1428
16393	1185
23246	1426
18398	1580
14316	2853
23084	4491
23363	647
10178	4711
5056	3166
12260	2913
12786	2166
10942	66
20033	41
15821	2715
19110	1871
17249	2162
12863	4959
9735	1137
14078	3544
13703	3382
12107	3199
19924	3355
9184	998
1962	3776
4641	3971
25487	4534
19316	1260
3872	671
20574	1081
23576	126
16010	1789
1672	1560
19964	3361
6706	3863
21220	2851
2949	431
10676	3502
12157	3979
20960	2816
16608	4270
5302	266
16128	1648
23299	1869
3522	4864
1836	4961
17990	2158
3231	506
19093	1697
8282	1963
19544	3487
9125	1458
2073	3879
844	4448
11284	2533
7911	2070
6732	199
5355	2139
16754	2693
15770	2141
12389	1028
16647	2631
24499	3254
24726	4340
2754	4973
25910	1262
19675	1486
23423	1572
11640	1333
25250	2448
18633	3677
7278	3778
8541	2775
25251	649
15358	5031
23916	1612
17396	1138
16340	5210
15685	1880
7718	5178
10310	4
5061	1316
7450	201
21635	2837
24835	1957
18209	2121
2982	614
1728	499
10990	4155
9082	1618
25437	910
12166	3304
5953	1433
22951	1159
22381	4958
25554	4034
7069	1531
19089	39
2622	2813
6064	1494
21205	1594
17419	2601
25545	4671
7877	4421
21027	853
17251	2670
12512	5059
6632	3730
25891	4173
14159	4257
17592	3077
1059	2554
9026	4668
8146	4479
8374	2698
25043	4524
16659	1696
17114	4222
2624	4654
27	4336
17670	2408
3345	2238
24202	4655
18970	4862
1660	4930
15913	4329
12691	688
18250	2666
24060	1791
15401	5090
7449	2316
17503	5181
1050	3947
17580	2105
4875	2532
25839	4552
23693	1490
4199	3831
23901	2468
5853	5082
4673	2060
4372	4646
17113	35
8725	5107
22321	212
14807	466
8000	3136
21171	4872
17822	674
14419	464
16264	1403
1058	1825
19358	3578
593	1613
9979	4483
23419	3140
16496	4997
10792	4818
15416	1729
22421	646
16226	4869
14746	1647
1958	1309
2042	1899
13490	3920
9892	2897
715	2475
2720	241
25136	4686
1497	2938
12503	641
21806	1581
13029	2651
16921	1598
3631	3124
12659	1422
12887	3891
18091	961
6179	452
18684	3451
20424	2441
8881	4986
14854	1949
12050	5235
16922	5134
12689	3988
13931	3365
23730	3414
3164	1183
18375	1864
9712	2154
16570	3878
10841	16
19605	612
23529	2563
920	2337
1560	4683
5631	2470
8428	3864
13320	1976
3316	140
17692	472
15145	2099
21853	2783
12865	3158
5259	2526
3630	1430
19313	3456
9643	568
20792	3737
8118	4212
23621	4902
82	4802
16779	245
9870	244
19941	4798
23167	4740
11801	1359
13470	1254
6012	3938
9312	4001
24341	3095
22975	1887
13283	4063
13153	2796
13144	4415
4380	3965
22887	485
13498	3174
24820	5227
8916	62
13036	3916
1840	762
9984	3292
26019	5225
1588	90
23989	2714
12492	765
19502	5179
10986	2947
18397	152
8305	1367
231	591
20084	5047
23051	1327
7596	4749
20776	4456
9017	1634
14842	4911
18160	334
3207	2333
16932	4955
16976	1590
17559	2479
2326	2180
11016	4951
16722	562
10847	4538
15399	1114
21184	3698
23186	229
19608	4630
2560	529
23616	3579
17859	1240
8200	2806
11561	4957
18972	3426
16730	1806
24023	629
26170	1296
18544	4661
7504	683
4081	4502
7727	3876
1600	2835
2303	4506
24559	157
5083	4174
15189	3596
11522	4128
4267	4682
22395	3282
21125	908
12106	3392
17124	3754
19800	4227
179	1472
1838	401
17538	759
6908	4732
3910	2352
19297	179
24595	3459
17339	1091
8216	3016
22046	1538
12554	4924
500	2689
20683	810
3411	2434
1595	339
9023	1642
15717	2726
14154	3409
23409	2614
5251	296
13390	4977
20636	3870
12640	4298
12552	2326
22233	4153
11009	4540
9572	15
14149	4140
7650	3869
13992	4054
21928	3193
2059	1206
6387	2094
23163	2743
19150	1604
26168	3283
4967	1828
25902	1605
10762	101
19980	154
12158	3882
25396	187
18098	4511
17828	1257
14710	3048
19575	5185
11183	943
7485	1285
4960	1947
5116	726
19923	570
9267	3278
20108	476
11641	5074
358	3725
16743	1270
8868	2250
2338	1046
8630	3101
10620	2004
19525	695
19060	2459
10338	4308
2774	3582
8669	5147
244	3141
25903	1910
19247	4005
3297	4846
8395	5106
24640	3042
4822	219
19613	3170
14165	2576
17848	3204
12046	4116
22966	667
5660	4689
22464	1488
5240	3552
14094	4907
5137	4761
2043	3851
16568	2517
1653	440
14102	69
18586	4338
18037	1569
20157	4541
22917	1189
22599	2000
12423	3592
1685	1897
25139	4207
8626	3861
8672	146
10252	4254
10026	1178
15962	5099
3877	2012
15386	5138
11670	773
2952	444
24734	2442
14324	2966
10183	2788
13318	945
20808	1624
22832	748
17268	746
6919	3577
25346	487
14809	4197
17878	4196
312	4108
9314	1973
25596	4952
352	2218
17546	3908
24270	1346
9216	1310
20779	2318
10117	1800
1914	2686
14808	3594
15907	3030
1985	259
1107	4398
23481	832
25158	395
23811	5188
12101	256
9862	1358
10682	4383
12422	626
6735	4739
6072	2856
13142	1362
2568	2894
15325	2630
8730	2702
15891	321
20230	1857
11734	2372
18193	1383
22278	2522
12478	1578
10818	4950
17626	388
11410	5014
19107	841
7534	4674
15626	3727
15973	3192
13625	4503
18771	4507
23727	2237
11964	587
4182	1903
10346	3901
14747	4028
19355	1925
5698	3755
25540	3084
7802	3371
5266	737
3059	1909
9717	5066
8641	134
16358	4937
23503	2380
19997	391
12664	738
7091	2890
18237	3285
950	623
17874	2124
15311	1757
495	45
15259	4687
2143	2934
17600	4096
16091	3279
2342	3359
1153	2997
14932	1694
10763	2171
23620	1761
115	4717
14369	3330
23064	3880
12409	672
20664	571
23836	2346
18225	1073
5731	3347
18560	3231
20257	1660
16433	3877
8517	250
8375	515
21800	1171
21592	3465
13202	3784
17740	4072
5529	3265
24960	3977
15824	3843
8558	5008
3291	3387
12151	4546
23558	1552
2332	4660
15073	5133
18151	4895
639	278
18145	3510
16148	175
23206	4878
3965	1860
24002	3056
10805	3715
3200	4781
9224	5012
4755	1052
6494	779
392	675
18365	1203
18764	3472
8726	3103
5164	1331
21190	3954
11612	1213
11113	2661
9020	3522
1405	2707
22523	2574
17345	2104
20956	1186
14308	2718
25668	3320
5830	3153
26180	4941
8717	5144
23858	4064
21546	2990
16589	1636
1344	4675
19064	4942
8457	3636
17956	1841
21705	899
16162	1312
380	3658
14370	1802
19507	4275
1073	2569
14414	2948
15357	3817
9265	1514
8403	3397
22831	1595
9760	3289
15161	3767
4631	2690
16545	4109
26132	3837
21194	884
6218	1269
14037	3168
23907	496
13355	4528
1373	89
7281	3580
6175	3255
23909	706
17189	2324
18619	310
15559	1392
7475	2195
5605	1938
5444	3364
1289	4137
19724	2411
3983	1902
11944	2944
24210	3981
24152	3045
6701	5205
12660	1265
10600	1713
8666	2078
1594	1445
8823	517
1028	2774
20959	2930
734	5001
19521	5241
21158	1935
5497	1099
23461	4848
19340	287
17291	4011
11467	5184
10467	3148
10910	625
16471	2641
25172	784
17884	2590
6807	3604
195	869
13628	4756
14615	348
10341	4701
8222	966
2879	3743
23810	3611
24240	2797
12165	2310
8045	115
10496	2732
22741	2031
11808	3230
751	4020
17346	4889
570	437
13615	702
26044	3222
14600	2052
3875	2770
6380	3274
624	109
18126	4676
6533	3178
17827	2510
25354	355
4051	4517
17569	1813
70	3554
6082	501
22177	577
23156	5176
20662	565
1995	1045
15435	2559
2535	1049
193	1338
10358	2898
6315	3852
2803	1502
17696	4881
19356	2679
25359	573
8801	4168
15248	3900
13384	2420
25649	4551
25114	3805
13831	1646
1787	91
19443	4445
23673	2275
10382	4978
25719	3964
23856	3493
4431	1827
25053	369
16357	1850
14550	4068
374	4455
1174	4611
23151	213
12617	4495
8877	3447
20787	2799
5632	4948
4141	3277
12192	4812
6667	880
13651	2396
7594	2201
2074	725
2250	292
25440	3923
18001	2329
4265	4569
19380	4512
25631	4933
15961	3024
8920	1437
3280	1235
10354	2208
15214	3264
5829	4024
17286	1558
25718	3377
18366	4477
5622	1861
17116	1334
1229	1465
12980	1199
1817	1606
12803	3075
20328	4271
18904	2025
23968	326
16281	4039
20526	3478
5546	3506
3811	3675
3937	432
1376	4681
16676	883
5674	703
8871	3122
1699	4505
10791	2549
23204	2489
21432	364
7525	4087
17994	3873
20078	3660
19014	4908
17157	3051
3037	2153
6666	3952
3055	3583
19162	3963
6804	1307
5107	379
16056	105
20155	3422
2420	1281
19252	4458
6830	453
18608	5161
16006	1156
10588	2593
5218	680
9417	1772
15365	1535
5260	4046
22993	3301
2450	637
9829	727
8876	1682
11026	420
17149	2733
14500	2825
16177	3087
16498	349
1116	1113
9188	797
18669	4669
4213	1702
9038	5148
2516	3360
2938	4858
23712	1086
19159	845
1832	1275
26176	2599
22903	2875
122	2491
2785	4462
800	4499
12268	1878
13411	1169
1403	1528
4183	2998
19464	325
20663	1686
20248	3008
3743	1601
14547	1191
4650	3143
7853	2780
21321	424
3766	3586
6265	2812
14358	5007
1339	1182
14983	2034
22074	699
22378	4042
24614	2597
15609	4610
1782	3809
15395	3331
8547	2548
13749	2951
18521	1766
19961	475
8036	4747
1511	1377
14869	4008
17274	2072
17465	2699
5363	3924
13622	2652
824	439
12338	5190
12113	4990
13415	5136
22299	3004
15715	4184
782	4891
24819	2114
11840	2272
9504	3130
13404	2097
9249	3590
24174	3146
11806	1870
17750	4162
16314	5026
3420	427
1669	4044
8534	5010
21560	1517
15568	3266
14319	1671
4252	3491
19081	4339
16675	2984
2991	1727
17019	4049
13521	3810
10478	2983
9327	3183
15800	5191
11141	4190
11418	4318
6009	1250
25235	2204
1267	2864
11285	4515
731	553
23346	1544
11030	3940
20307	1093
20479	3296
21029	3434
22371	2214
9127	1868
25664	5093
4293	3769
21548	4036
5570	3098
20952	3038
9217	2371
25408	277
13621	2381
21389	2265
22426	393
19126	4117
24970	3692
20925	5135
25516	1274
23240	3557
6075	3429
18102	2865
19023	2184
2355	4466
23226	4370
9151	3914
15108	1363
2331	4636
11892	1704
14552	599
20427	734
17089	2331
24159	4678
1608	3089
15181	4635
17289	1325
2476	4431
5621	298
15198	1709
4748	294
25598	3757
5134	639
20716	888
22720	4323
21697	3990
23418	4111
7717	299
18032	2486
14627	398
21101	4299
23470	1180
8504	4126
23760	5040
15126	1255
888	1518
25852	4780
20534	315
14302	4842
11231	1340
13481	2293
11621	686
8446	2043
16331	1466
10446	3678
20924	258
22692	4805
25526	4026
8037	4628
17248	1591
11583	4272
21563	2212
12313	1588
2155	782
6307	5052
8312	757
19581	3066
15899	4799
19954	1170
16882	3527
24582	2205
15372	4123
24708	4447
735	5140
1668	4443
10517	4745
23672	5118
6176	3765
11696	1122
17683	3614
2810	3507
11815	2618
11328	1931
24718	1087
20344	2503
20853	1593
21754	1344
22366	236
12043	3219
25896	911
5057	3752
12320	4400
13068	2117
11923	2079
18210	1258
194	4472
19890	1515
16941	3992
17800	732
23403	1232
2044	3626
4868	1964
26092	4520
3730	418
8335	300
543	1473
6895	2149
20317	1317
20217	195
19314	5222
2980	593
5182	4037
22577	3922
14003	332
22244	4233
8211	1357
78	1504
21199	3003
3265	2482
14357	2528
12386	1621
5434	594
11791	386
8973	2051
4021	4589
18379	4043
23855	21
5575	2787
21995	1298
6170	4985
17937	3972
3750	4141
9037	3638
11828	4650
17590	1453
25179	4032
3067	4441
15251	689
6711	2681
22119	2949
21944	1653
3653	4375
23652	4304
6448	3931
2009	3394
9130	5192
15479	2484
4015	858
21048	227
22457	590
15235	204
25059	4788
6023	371
16674	540
16109	3709
16967	1364
25729	2647
25189	854
26038	137
17468	4783
23714	2970
1490	3798
23474	3196
14123	320
4018	4295
25080	498
1969	5155
5446	4947
24592	2588
18605	1934
5065	2092
9093	2037
21825	3602
12112	3482
6354	4385
16729	583
5415	2755
9831	5085
24161	3712
20373	1699
21814	4066
21297	2179
17953	1290
5668	4731
5407	112
5547	1583
8378	2971
6290	4875
15321	1372
15941	1921
25387	4132
15959	24
8279	1845
1550	3037
6337	1793
15951	3020
20940	3763
20806	1652
15082	985
4250	2963
21929	2996
22980	5036
2501	342
24593	4508
5184	3322
5712	328
25226	4901
13191	2478
11318	1929
1149	2334
4575	397
16348	4004
19528	3921
11969	4694
17439	307
16891	4653
21075	73
24616	2112
5060	3088
12676	4844
8774	2389
13624	1005
23099	2144
5938	3064
10824	2251
19677	2109
4023	1460
23300	3976
21401	3657
12611	2993
13675	3884
17174	1944
10679	4716
11379	2964
16553	2844
882	2885
6077	142
12639	1780
24877	3830
21466	3116
4040	4356
953	1023
20641	1746
22527	125
10351	882
13357	4778
6535	4549
23096	1501
20587	2084
10923	2375
866	3225
14130	4841
7888	4010
8595	904
15245	1068
11610	2921
2457	2087
15159	174
23161	2402
3006	2620
17290	3421
8680	2499
20914	4393
11579	5132
11012	4469
1859	2068
25868	1997
21866	698
7204	950
3681	2585
10235	171
18143	718
23293	77
20053	3281
16270	1840
17022	3529
22129	4131
19379	2186
7011	3666
13990	3815
18587	2986
3654	3408
13026	925
14181	1659
19048	2182
1280	1596
18724	954
3953	2956
17968	49
9863	3007
12599	1969
16429	2945
24583	2217
3873	1901
16906	1820
24878	4486
11721	4545
17875	1214
11196	4750
12041	4581
16261	691
10039	608
20316	2133
22954	3268
20003	2312
1854	13
25449	4350
1436	3642
18194	5005
21450	3689
12373	1360
22811	1886
5485	3235
16353	4832
14051	2209
10526	2241
5172	917
17729	792
17923	2793
269	3437
16696	610
373	4640
3239	4341
11788	1991
8153	4964
12743	2645
5851	2230
7883	1587
23915	3620
7541	2438
12553	535
5225	3134
6300	4607
25287	4380
834	3096
4366	5213
4371	3508
18875	1649
5488	2339
16940	3169
1508	1843
25662	3551
21303	5000
17865	4680
18286	206
7811	1166
13196	979
13012	5042
20375	1842
6031	2582
19078	3080
5814	4353
16338	4800
727	189
3228	2758
853	3247
4247	2962
17560	3989
11442	2395
10476	2516
890	4449
12860	360
20059	1366
22489	2633
22246	3145
385	1750
23094	5154
25777	630
23110	1160
25219	4468
831	5060
22423	1282
13282	1123
23264	1706
3283	4077
23554	4492
8614	1096
9943	1148
2451	3010
14543	4230
15258	3019
12187	2066
12287	1462
19325	1592
16065	2749
6703	3074
6642	2119
15409	1124
16719	3526
14135	4119
13847	331
17392	2378
16041	3349
15935	838
25589	1162
3377	4931
24402	2297
16835	2385
4038	5186
22727	3548
9659	980
25209	1019
11967	3324
1910	340
12193	4516
2165	1718
25854	2388
16900	3144
10966	2789
2334	5172
19520	4490
18042	1454
21339	4367
11194	2173
19013	1293
18634	4417
10597	173
14599	931
23351	1522
22900	76
15217	4055
15005	548
19871	4025
13311	4038
7885	3738
15187	4429
7452	2710
4451	2298
15580	1184
7595	4211
252	3800
7209	556
24578	44
3595	1226
19560	4146
10381	1035
24506	3458
81	1708
24121	3171
23859	3662
24169	4324
23967	207
11924	905
10456	1167
2506	4382
9103	3829
16107	2959
7716	145
4555	1297
3195	4459
12042	3791
1074	710
9518	4936
23771	5018
11629	2366
1356	877
4104	1826
2993	2088
17939	351
18279	4578
23480	4303
2120	1983
9522	63
19517	2392
5404	5072
11472	457
11868	421
9800	886
11630	1874
1378	4420
16505	3687
14844	4312
12885	3593
21433	3297
1833	3197
21998	3362
14374	4280
15799	2174
5995	2247
15413	4416
24330	2296
8310	3656
1045	2811
16475	2609
24464	4773
17297	3996
2621	4075
25069	3716
10522	4927
10590	834
12387	4489
8922	1221
20031	4557
1818	2859
1104	2771
4353	1917
16708	1329
10822	824
3418	1667
17808	776
1793	3968
18580	193
6896	1251
17986	3953
24128	5079
1093	1908
22254	3026
24456	963
17389	36
5166	1779
1675	2616
24295	426
9207	1960
18895	4627
20783	2547
20775	3762
16931	1536
15495	3691
14337	2169
2394	2280
17821	2561
25111	2145
11280	5061
14131	4989
25482	4979
20341	1516
12302	2807
7447	1798
25916	934
6340	1054
22433	3473
22976	4163
8851	814
17135	1882
187	4433
19596	4698
19114	1076
5257	5199
20850	257
20538	2591
16349	1989
15197	3774
23944	3253
6266	2188
6081	3576
20883	4813
8452	4325
17464	1452
3683	2745
19906	4793
22693	1158
6456	4084
16576	1764
25382	813
4467	3205
1279	4067
8579	3
14377	1756
20345	3432
16955	4166
7446	3345
6465	317
17016	3528
10246	1289
12496	459
25492	5068
10180	5173
12370	3000
17807	1072
24113	1429
14020	2193
19466	5077
21016	2953
4446	1249
22048	4476
13010	2164
13034	4796
22197	876
75	2912
9922	2048
14265	433
10388	2935
4139	2961
16584	3704
9027	4437
20765	2199
260	913
8408	1557
8727	1058
8047	2232
21012	479
3243	1173
10719	3470
11863	2040
18171	3475
22726	666
13031	5021
2713	2481
20173	3227
4273	2524
18183	4926
14667	2455
22961	4792
8628	4473
22738	3448
20216	4982
3944	2416
16040	3794
16778	849
6907	512
5697	5006
15485	4501
1796	161
5246	99
7844	557
21090	1234
6635	144
3048	2888
25980	83
22147	3067
16101	816
6610	113
6858	1576
22311	5046
18088	1730
24009	27
2563	3663
15641	4882
16766	32
6446	4746
22497	494
8367	1707
22556	1315
14009	930
23866	3570
14339	5162
10439	1904
21584	3497
2797	1972
21287	1116
14648	1065
197	1725
16726	563
19216	313
7807	4649
7010	3999
15081	1089
24959	1958
5230	681
4355	1051
16890	2939
11785	252
12938	662
9441	4208
6355	2814
23896	1626
6813	3381
23918	2267
97	4316
3852	4422
18052	1674
24568	338
16210	1323
24272	4920
7459	59
15247	3808
18396	2107
25383	3356
11182	974
3843	2869
7882	1393
9514	3271
9413	4284
8505	1849
3998	2648
8615	4186
885	2135
10002	4580
22225	1759
25877	3390
21579	4641
22618	4523
17173	4247
5175	1136
23394	1717
492	3519
3812	4078
20926	4743
24814	23
18772	2134
8731	4426
21344	4542
20414	4217
17581	3632
13096	1003
450	3223
16368	1151
6010	2999
23991	957
12710	1064
23383	214
15306	744
3752	3142
18231	4916
6423	4536
2142	4062
369	3875
3996	2219
12675	1819
21710	5150
4954	4807
16957	4857
17141	4351
16742	2295
25286	861
25056	1457
15562	2100
11447	1104
9491	3104
15624	3233
20635	478
24762	1747
16014	4758
6628	4204
10879	982
14843	4151
22798	484
14864	387
20774	543
18299	4281
19208	4158
18543	645
7586	3504
23648	2823
22899	1851
2144	3581
11199	3516
17118	3335
7926	221
8398	3182
8449	3919
17851	5211
18592	1628
10896	887
12874	2627
23464	4346
18094	3046
14171	5238
7264	1103
20191	2228
11112	2005
3186	5028
13205	926
3074	4529
13801	871
21623	4971
12425	4220
22791	394
2212	442
10871	2314
5827	2015
25211	4921
15144	865
10432	4651
21390	4801
14345	3732
11919	1527
8071	4595
15195	3243
20379	4822
2569	3505
20953	4452
25094	2357
8678	3726
9039	4998
2054	3286
11971	4922
165	2756
25940	631
6878	3021
8557	4408
15006	1803
16962	3559
19463	2027
13619	2465
23038	353
18757	271
24943	1817
23382	434
16621	4246
18233	11
11642	5196
7442	200
7584	2972
21386	4435
13501	837
6534	4956
21755	3457
1078	1330
17981	3258
20569	4152
22428	4384
20086	3081
17933	3858
25676	4182
13600	67
4495	4753
10794	1140
482	408
24470	3803
409	2513
19457	3378
20207	1599
24127	3986
22730	4873
15668	4708
15160	1589
19783	898
21847	482
20647	1373
19146	2159
3102	4360
6823	318
787	4814
16266	3888
15642	4664
1092	4368
22203	2834
17665	2440
1010	5194
23214	230
6172	323
24731	184
19686	2572
4241	282
14770	4847
18511	235
14430	1721
9593	3629
6364	778
9126	2920
11108	4021
13741	3291
2410	2867
17304	2985
5477	3822
2490	3097
6271	2093
10162	2003
15194	2354
10711	385
5828	4357
15687	3902
5400	2766
19489	1127
13677	4876
5848	1480
24371	183
1025	3771
15186	2941
20550	1998
22369	526
13659	927
3310	375
11713	3756
25844	2915
15218	4625
21772	3083
25181	2424
23216	4133
15388	4120
23511	668
19739	4069
21379	628
11623	4903
26196	1582
10497	2734
25236	3346
5468	4730
16333	2531
2182	1687
19624	1308
21017	2808
5441	1416
7625	2604
19219	1741
15714	2102
6503	3700
12312	3872
5427	2772
4642	1328
12758	2151
8187	4733
6576	5048
4258	1395
19682	372
9095	3218
2936	2207
9597	4047
7154	1669
14868	4868
10615	2691
12735	2340
11662	4906
3744	4712
7125	1748
2666	4251
4625	2929
23492	4446
8437	3664
113	3036
17751	716
17588	4378
321	777
5359	3129
1322	3241
23628	648
1353	3679
2003	4238
13520	1004
18540	93
12017	3958
20562	477
21130	2202
25785	2908
10148	4539
18899	1812
21808	3711
12252	4666
14541	2062
17934	2767
178	1744
20893	3983
7317	1867
16234	2669
896	29
15382	2057
22184	272
6282	5232
7104	769
14325	2178
12248	5126
21771	2518
7481	2621
11035	3859
19557	1742
24474	4104
941	208
4033	3412
24204	3181
15192	2071
15301	932
7585	5137
14933	2924
6037	4497
6408	1434
22848	890
2742	1859
14767	305
1656	4355
14562	2256
16889	1765
23681	2236
12687	2607
3409	638
5156	3853
8857	4129
20236	874
15600	2551
24601	4065
14540	465
20576	1082
880	3215
6641	2215
3323	2191
18677	2386
10458	2899
9656	1060
9944	2460
24293	130
22610	504
24732	4823
23623	3641
22075	4265
15523	1090
25130	4229
18784	3811
22890	3221
25107	1411
11468	785
14865	1920
16083	829
22284	2030
16511	2175
16800	4498
25062	4995
5542	4027
5392	2436
10969	1540
17583	3332
13060	642
17294	775
2127	2405
20089	2700
11812	1734
17394	1915
23306	3068
22235	4307
5577	4487
20332	4759
25316	396
5216	3420
16032	429
17414	422
8592	324
2049	580
5608	1397
15898	3633
3450	2305
15191	3669
6669	4836
16958	1542
21340	3867
13649	520
18408	37
6629	3449
13680	2038
3553	2727
14286	2276
2749	5195
12334	799
7725	2556
1151	2866
2950	3417
1427	3746
15905	2836
17231	3251
17306	3354
19170	4751
4525	1792
5839	4810
23385	1996
17785	4918
1321	1895
106	912
8593	2792
18973	1037
5571	5095
4275	4195
19004	2854
1311	1894
11444	1643
9066	2717
5052	159
6638	2449
18066	4290
9722	3525
16106	2407
17285	1152
20065	1302
25959	1786
24888	5152
21943	1015
5606	243
4483	2958
20129	1343
2515	4471
16607	705
25958	4114
16817	1439
18444	4101
25060	527
9143	997
12458	4310
10897	4481
21665	1424
3062	4600
7959	3310
19612	2694
14424	2687
13220	582
23135	3009
9713	419
24615	4106
2133	441
19945	1013
9773	798
5435	960
11910	545
9488	1223
8787	2398
14691	907
20315	992
11462	4352
12160	2147
26167	3405
23758	1656
25571	3363
4261	3894
12212	729
12380	370
11557	2454
7768	268
2912	2187
17237	4396
6904	2683
18984	4432
4080	1689
3442	3674
6527	2016
6389	4576
8063	1388
403	1318
15706	4454
8513	2649
1327	1020
7854	3744
4724	2335
19161	1042
8735	4994
16747	1382
12135	1001
7015	2348
8386	3731
25609	4164
4433	2603
6857	780
16783	4663
10247	2871
11028	4871
360	4943
24203	3682
20517	1164
22000	4685
26039	4107
15066	2401
18013	2511
17385	322
17180	3340
19568	2487
9128	3436
8442	2848
12121	4795
19442	2917
10519	191
19462	2688
5794	919
1674	2477
24207	4373
2596	4344
1822	3889
11616	4143
17850	361
5597	2342
7245	844
3511	2889
10390	1980
18222	1115
820	2955
25667	5169
6154	2555
10807	3115
24034	3132
7355	2527
20008	50
5465	1684
11223	102
21152	4127
14621	4629
951	4181
18751	311
19551	3739
19527	1350
23424	4963
22530	2036
14338	5075
16108	1943
9075	1418
20902	2074
24932	1508
8625	3329
6158	1639
20886	226
7522	1299
21608	2373
21663	2833
1606	1752
5262	451
24114	1524
12612	4157
10056	4976
6914	4577
3682	4463
2922	2001
17864	3846
62	262
4836	4631
12056	1000
9759	147
24617	2113
16994	1177
5181	959
22555	1961
2959	914
16312	5025
18867	1816
8596	3202
18866	38
14972	2259
7712	61
19301	3127
18782	3307
11077	1155
615	819
22372	1208
1217	2338
16482	2157
2055	855
9025	518
9774	5123
24860	2229
10501	2650
18314	4193
15329	952
10243	251
11102	1272
20303	1824
6864	220
17754	2064
24477	1839
7863	3201
7007	789
19607	8
12491	2418
19911	4533
17075	1464
4263	4187
16068	3244
19446	1077
9579	4954
12696	3571
18331	1010
8193	1763
9769	2624
15322	2818
12928	463
2611	4243
4512	712
12070	1942
10918	2725
11842	4358
10113	1143
16953	2233
3185	3734
20319	4890
11816	3930
25115	4779
9889	596
7463	2165
25978	760
18790	1107
15589	3631
22920	4639
8049	586
23530	4148
4643	5102
4777	4939
22051	4264
9338	2992
3507	3454
15933	1070
6351	1133
11213	3389
18941	2073
13310	1566
11082	456
11821	2376
17755	3280
23870	3236
23248	3721
14090	151
11661	1149
25710	1852
23689	1523
19791	94
23420	2619
19102	4349
12806	202
19204	2501
7899	1100
14499	3431
4138	1928
16262	1832
15524	4198
21727	2613
9360	864
13321	1541
19598	4330
45	435
10564	4427
5634	217
25496	5221
3119	2852
22779	483
5960	4904
16881	1256
18658	2676
20528	3635
18443	2675
22436	3131
18581	4859
18185	2024
3063	1247
4697	996
3033	2887
25528	669
19603	2059
74	5141
15244	333
887	3424
1839	1246
20557	2672
3113	98
17502	4071
11275	807
17001	2508
19469	3100
21554	1571
5233	2
13167	4500
8854	2345
6375	190
21144	4136
3599	4840
18971	312
1090	1665
26178	1267
17330	470
17587	5174
9099	116
7072	3256
7829	2050
23553	4494
3719	507
18595	986
1620	374
21930	1956
7098	3696
7105	859
14373	4094
23471	4544
6702	1940
21712	2646
13334	5023
16756	3966
20613	182
10983	1101
3878	3702
19221	5002
8526	3536
26058	3652
3853	677
9092	1482
7572	4898
7603	4726
19710	2742
15208	4728
5408	893
2527	3751
11053	1231
15148	4095
15250	3630
22879	3275
22929	3300
12722	2311
18524	2065
22938	5202
8671	4719
6868	4086
1727	878
6056	624
2452	4436
6884	4762
21544	1749
4896	1396
12286	1368
2784	3708
9785	118
7957	4626
23637	78
9397	1277
140	2982
22239	3176
9980	1253
5352	2595
21495	968
18370	4241
7058	5187
13682	2653
5490	5115
25419	1794
1776	995
8067	1195
939	3164
23233	3180
20320	5103
15414	2872
25597	1678
16823	5094
4017	4009
25436	197
13635	3203
320	1444
2185	1616
22377	1701
22476	1303
21629	1084
7632	4215
19962	3133
5809	1822
1968	3566
2623	4076
20511	180
24781	2782
21816	3151
21718	1427
1346	3932
11607	2197
23555	3376
20597	288
8710	755
15667	2302
21660	3973
17935	5125
22188	1884
25585	2374
17824	4099
5626	4406
1125	3534
2883	857
19090	1775
2193	1574
376	4242
8400	4962
4826	4588
1048	4306
23721	700
9459	3825
18174	1227
4181	5128
13422	1988
19433	1012
4288	4866
7126	2883
7093	3135
22393	228
10350	1062
9921	5057
12290	4555
13955	203
12337	103
11464	519
2116	5121
25870	3350
10601	923
1493	3672
17086	2458
12703	4045
19233	286
7357	2018
7695	3701
25379	1205
11459	3862
17823	4098
3655	3585
17537	5030
19705	3599
8732	1690
7197	1055
5059	3467
4959	4060
8215	2268
21203	2740
9325	85
15246	4757
14952	761
4712	2978
25319	1026
23772	5139
25089	4013
23757	4720
6708	3520
14498	3018
573	885
8064	2583
822	4935
10163	4376
2080	3562
16594	539
10880	4647
14067	730
21949	5004
19545	523
13164	536
8704	3960
17341	3802
1109	2925
4878	3321
16469	2414
21630	621
9988	3622
12453	1483
20333	5203
9639	117
23970	5177
1976	5117
16717	2058
6911	2494
16235	3608
7542	2817
11563	319
5729	2596
15477	1007
351	709
18908	5233
24453	337
9647	2349
21815	1625
2877	2942
24148	1181
18337	309
9634	3425
22837	567
25228	1778
10996	728
14628	752
19059	694
21776	868
18549	178
20532	124
12324	1644
65	3724
12801	4884
2115	544
164	3753
5241	3513
17724	4112
17331	492
15931	5
21018	4613
4249	1379
2348	2801
20335	2573
14991	1273
23812	5218
10936	4703
24101	977
6575	921
22336	1033
21313	4519
22	942
1696	3773
20515	3391
12930	3959
11719	2451
3524	2473
16324	88
13664	3167
10490	1754
1858	711
23149	2634
14841	4210
25234	3358
20478	1108
17388	4496
23713	3466
9907	383
245	2255
12472	1645
20184	2313
17163	3267
4713	763
12295	5119
19955	153
5406	5207
22504	1085
4656	4566
18719	122
8623	4809
26006	4710
10550	491
15305	306
5511	4974
18275	4221
2752	280
4798	2642
22598	75
16803	3386
16651	4313
16853	3002
10765	758
11054	5108
11125	2557
9241	1286
8074	2061
14007	929
25112	1923
379	1493
2368	234
4983	862
12504	4724
22028	2862
5659	1584
4493	2010
3967	4404
17379	1509
9021	3523
22620	1409
19111	3175
13032	663
9266	4073
24183	3512
8155	3179
17015	3942
4781	3318
6934	652
7109	5050
8976	2447
7935	2521
23674	2876
20553	2904
4422	2525
2562	3515
20942	3453
13385	1630
4952	1239
21028	4480
9924	2776
4835	4444
8298	2673
18218	4440
6579	4550
10677	3939
8728	4006
1877	1898
16334	2132
272	2269
25829	4526
12868	3339
18983	1292
8869	4260
9890	3257
19697	3319
18344	2529
9392	2413
3725	1607
25205	316
19583	4319
23429	43
7588	4838
1825	3759
7444	1056
9869	1061
17158	2260
2117	4608
24149	3147
16087	3250
19440	4249
8404	4559
10801	2156
930	2321
3561	1529
8448	4088
4117	2639
25102	185
21032	2422
12852	2530
2076	821
21167	2361
22888	2404
6905	2192
19223	4012
17536	801
1343	1726
18758	1126
22876	2412
25562	1893
364	3160
12551	4377
7713	1984
21089	1905
17382	2974
16543	2840
3206	4548
9018	4279
20667	2667
15423	4886
2485	430
22435	5208
13496	1715
10656	2363
25271	186
22601	722
10925	3242
3677	915
3196	4369
3293	1847
19434	3252
17443	1559
8053	249
3819	2810
7468	4579
5656	500
6525	4085
25866	51
4013	133
15596	3076
2184	3569
22953	2278
3593	412
11609	656
4286	4865
25537	2989
14647	1006
163	622
5366	1608
4640	2880
20066	3428
20552	2903
18141	1685
23805	1890
4750	4149
12940	4815
2710	264
9471	416
9959	4391
12049	2973
11911	4999
18880	3539
2118	3836
9758	3741
16067	2471
20620	363
18743	2873
3193	3099
833	4585
12842	1036
20495	3443
10872	4250
18942	3598
5256	5198
11032	791
21588	1394
23506	1760
5993	58
16858	34
14383	3463
23412	2635
14371	3154
21547	2919
3516	4412
11593	2821
23267	2663
21289	3404
18373	2671
21191	2832
15617	1723
15252	3403
546	132
13705	2558
22462	3058
24163	1280
10134	1611
23490	2839
22744	4634
11186	1981
23107	505
8676	5011
23863	2615
18739	955
1736	2685
12787	4291
10115	1610
15253	2629
24280	3039
11034	3471
11631	3690
21149	4110
11746	1168
3431	4240
6431	575
24942	3327
17233	2210
12155	1507
17401	1404
23720	2011
18995	1833
13413	5216
19877	3442
25827	1971
8702	3667
16801	1662
408	3648
12616	3886
7602	4945
6532	768
22644	1294
3073	3032
17472	1954
598	3994
7267	5165
22189	1885
5084	4175
13369	2711
676	579
26042	4583
5432	4843
19423	474
14128	1349
11899	2606
17082	2587
23146	4302
2505	2136
24490	4525
15200	3684
5353	2307
9913	3572
13322	303
5564	56
6350	4752
13013	1811
15206	2539
3824	4080
17017	2659
15972	1773
17293	4707
20513	3828
7985	1175
13999	2628
7039	3303
4266	4981
15123	867
22245	2258
3845	2746
4046	446
23883	3317
6030	682
11047	1670
8738	5022
5636	2542
17861	3997
6305	2128
12665	1371
25531	5234
9486	3537
15880	1438
5774	4652
5849	2170
20805	5183
16174	550
24753	1914
11820	4048
6291	4623
10602	5182
23137	2695
2243	3673
25572	1305
14157	4093
16598	3967
24861	3533
6008	4392
1658	218
18488	503
24122	3059
18648	552
17403	2262
8336	4772
6156	2575
21621	4292
18383	3840
12781	461
449	2417
11107	999
24870	3073
18288	4877
18142	3793
11400	1873
17090	3123
19404	2987
16655	4894
24471	4504
5445	4388
22891	4561
15007	4348
748	2981
1992	3481
21821	4320
20002	2967
12118	150
17992	5129
5771	1398
11823	4755
2409	4863
1150	3438
6356	4767
25557	1892
17731	2452
25678	4929
9732	2706
13389	3305
5826	4335
4958	4828
18667	2677
19206	2502
18909	3540
24160	354
4036	660
13713	800
10356	4644
6512	1016
7597	4572
7637	3625
23723	2118
19351	2198
19509	4704
7615	330
15419	104
8261	514
10904	3855
22816	5163
7050	1141
14170	4216
18628	4917
22493	1489
25321	3427
4727	3555
3386	164
15681	4621
18721	4442
2075	1900
16834	3001
8179	3311
24439	4363
1857	4403
10253	2181
21159	4058
15209	3119
12296	2138
22144	1243
22269	1172
8150	2716
12016	2664
15912	2257
12749	3984
14976	2781
11402	1198
3321	2868
23344	26
3526	3209
6390	1498
10931	2196
2530	1048
14639	4475
13862	2294
4632	532
17564	3316
7592	3309
21051	3541
6079	4797
1983	5041
12849	2474
13597	561
11132	1197
20554	3373
6810	606
19657	1441
17245	1554
1292	4699
1194	3484
20331	3644
22149	1337
17924	1945
7769	3333
14079	2421
7477	4790
5212	4203
2465	1510
2512	255
937	1
6776	5170
2806	2730
12110	2041
11626	3991
19554	4485
12644	3634
2388	4165
26141	1229
22719	4321
20707	5228
11991	5027
22018	1926
16765	2351
26102	4794
11293	3105
24141	5157
17275	414
14317	3761
17817	3450
3839	530
17277	2120
6303	3766
3820	4079
141	1556
21708	3445
8553	770
7055	4592
18745	1125
21811	3490
3441	402
345	632
10555	2220
2186	3937
4069	3563
24032	2592
18552	3517
19978	3338
19931	4493
19167	2612
24944	1217
25849	4527
7563	1733
6913	2320
18879	1782
2846	47
17125	3041
11733	1876
21162	1907
25856	3915
6707	2493
15625	1105
4708	916
15205	2300
1823	4237
14818	87
21562	2911
19164	3031
7095	1854
6159	4484
20215	3398
20168	336
21778	2741
5261	5231
8069	2397
3772	4256
2335	1937
23454	2863
8443	3899
20560	3945
20766	5111
20780	2028
11622	4423
3982	3564
14698	2287
3851	4648
4766	1134
21293	4183
16123	1823
16820	4255
19809	2148
6443	3832
12654	1342
16937	1673
17603	423
16770	33
23138	2054
24214	5219
5228	5159
4195	1530
17501	2185
24939	233
23153	2007
4289	2146
17126	3109
23355	2905
23741	1410
15678	3616
8589	1771
13684	3125
23134	1241
23946	3943
21531	4359
5601	2343
2712	4612
18910	616
10435	2286
14384	4582
124	1664
7188	30
8184	3906
18282	4192
15846	358
13815	4332
23465	3993
22611	2246
24696	96
18600	224
16274	2721
2047	970
19215	665
12321	4401
17179	4328
3980	3558
22376	425
4301	2640
4211	767
17854	4532
14385	1279
6455	4178
8058	4770
17951	4584
5519	3401
17738	1102
24372	22
16159	469
3171	281
15974	3315
5202	2798
18238	4938
12311	1818
17280	4461
1613	4053
14620	3623
12291	1974
8208	1196
12606	836
11015	302
4164	447
14606	2254
12122	4831
16414	1324
18447	3261
13291	3735
5478	3788
4269	843
23458	289
11109	2910
20533	2222
24398	909
26100	937
19450	4234
13529	2773
10991	3353
9511	1391
3977	1512
13346	1693
11539	4892
17307	4556
851	2480
24001	1443
5695	1384
21391	1767
9715	5065
5387	5037
25159	3910
17120	3948
4828	5071
3731	110
25230	5197
23095	1216
7916	4563
4490	3627
24454	2696
8087	1088
19149	285
15659	468
15166	1695
4775	1853
8369	1617
20052	793
25442	216
2295	4334
4554	343
24955	486
5211	4870
23416	4530
1013	4763
7543	5078
4416	1387
4102	2598
9482	615
5194	1024
1006	1787
7855	1862
6316	3206
9649	771
22032	2874
25721	1970
5055	1513
12763	894
25611	3944
1880	3023
8116	654
11528	4232
4128	3786
17131	1188
19018	3897
21156	1906
10956	2543
11829	3826
25615	3114
23775	4470
12679	1210
20537	4365
1425	856
4743	111
18338	5033
3388	4738
9439	1495
15528	627
13813	2500
9094	3560
3100	4510
5838	618
1941	356
17999	4191
19168	872
6094	168
25091	3035
24462	5073
14662	4144
6556	2759
20567	1700
11602	2544
3199	4274
9595	3949
11037	4833
17127	3372
19974	1913
17543	1990
4782	1952
14781	2658
3754	2829
4032	2752
23256	1442
22088	3970
8128	3440
17182	1224
11502	3881
18884	3547
4870	1962
9974	3441
4955	4806
17178	4596
20803	4766
25086	2906
25220	2046
2352	3163
18741	1406
2307	650
864	3069
15384	657
4245	5092
3347	4856
9986	2450
5162	3676
3173	676
9765	5122
18388	5087
26130	4016
5812	1585
23485	2394
7523	4309
17944	417
20434	4390
6867	4061
25543	5224
773	438
19645	1078
25904	2644
2487	4642
20064	3643
17782	4915
9755	301
8824	1190
19145	5039
12040	2161
3890	1174
238	2841
21658	2838
9248	3779
17471	4715
4442	903
17589	551
8079	1561
9710	86
1997	635
15387	4121
10438	4287
11861	192
16945	2176
8815	741
19553	5097
10499	4691
2851	3499
13614	52
21031	2303
10445	3685
743	820
22836	900
628	4283
5503	1979
15942	3567
1556	4199
2119	3624
1075	2291
22379	993
17252	3792
14560	3781
19572	4602
2654	97
15422	4424
3989	4714
4189	2668
6506	3488
2081	749
16231	1804
25272	1193
13558	5146
4180	1209
10251	772
1278	1268
22765	1629
14033	3352
16622	5019
16755	1565
21614	2632
4458	1478
733	279
114	2800
5543	2536
19909	3195
17988	2545
1989	4912
9283	1222
10726	2155
14174	4262
7194	2815
8530	4134
8520	3086
3948	2736
22319	4967
17764	3110
2852	1968
5425	3707
3076	1050
4262	5204
4186	3885
8302	1986
15552	828
12866	2827
3917	1575
22082	1386
1404	3514
19806	2252
21596	4662
16963	2750
4103	3871
2762	4041
19707	1955
12045	1658
14766	1066
4468	2896
17818	3911
1341	2523
5505	2328
3547	2709
16648	4145
22105	2423
12981	1244
25444	4736
9149	4888
2750	4138
16831	2433
25534	3694
21317	2540
8391	973
8879	455
25447	5098
23514	2032
18946	1291
8970	4428
7096	3589
2773	3091
23241	2111
25684	1218
4034	5064
10513	4787
13859	3276
9408	1784
15623	2355
9209	2731
20305	2274
9721	64
15383	976
11718	5112
16352	521
12720	1932
23786	3693
16741	176
7309	3395
6920	1919
11841	2467
11611	2317
4242	4209
21699	811
8612	818
13604	3217
8511	3094
26048	5226
11879	4522
2087	2086
299	4261
8552	345
22110	5044
24845	1204
18297	1711
14664	2748
3452	3460
20807	4616
14089	808
23776	2284
4319	2150
7042	1147
11066	3670
18613	4156
24594	3821
15249	3232
12071	3665
491	2857
17797	1405
6611	143
855	3893
25388	2382
21550	4030
16971	5158
25853	4558
7482	4620
22927	4854
185	707
832	1795
18688	5055
18783	2902
6524	2077
7506	4000
22830	3406
21436	3618
5769	1230
23114	1345
8523	2950
23175	3549
25977	3974
7601	684
2306	2042
16015	5201
24	2399
10000	1739
8888	1680
4834	4081
6746	2515
3312	1911
11604	826
18585	2466
26088	2189
5667	4845
4302	1548
5360	3486
25660	1927
10549	655
21468	2429
2981	4834
24957	4407
6434	1586
5346	166
4814	1415
10004	3357
13008	815
5231	5045
18626	4993
13352	406
13647	2432
1051	5091
18557	3655
23219	3912
26194	404
3534	2089
17099	3342
12161	3962
6806	3605
15150	4333
6078	2319
6675	1399
13364	664
23841	860
19881	2977
3927	678
19454	2332
13485	3469
1695	4513
12065	742
6744	3950
22439	2245
20879	1014
6738	1021
20943	5043
6184	2916
2826	3156
2870	1959
1383	4934
14344	1278
21831	1043
15171	3845
18905	2211
26171	2960
1963	1546
5843	3388
25486	1352
400	3011
21491	392
13482	4091
12637	701
25872	754
4472	165
25957	4113
2607	2304
19257	4791
21713	4850
23759	4727
3821	2830
9937	1321
8969	4604
17575	3613
16590	1805
7715	1436
18579	602
2770	3351
21333	3399
1000	576
3716	972
9616	1967
2741	443
25962	3841
24722	1657
20169	1883
14182	5029
11403	2365
22325	4861
20599	2584
1551	4769
1896	2044
21508	481
6724	1732
25663	4776
10153	3118
17395	3137
8178	2249
18558	2922
7801	806
5365	863
1897	1446
2823	1866
20422	4820
23303	4568
18278	4248
16230	3553
123	3556
13319	598
12739	1563
1347	1951
200	3518
16946	658
8224	1121
3058	2617
25057	3239
11093	1865
12365	458
20229	1856
5130	2306
13641	4285
17918	2826
22224	2497
10895	1311
7524	4122
5209	1602
20519	2264
19350	1785
21523	4565
1386	238
25541	158
1157	2127
10559	4573
9208	3524
5062	2976
17343	4293
15396	4940
4068	1319
19324	1698
6558	1918
26159	846
24479	4105
3826	3172
1959	3270
22815	3102
10842	3368
3955	2359
11902	3237
8891	5167
12473	5086
9426	1288
20116	1215
19903	3498
7350	357
15457	1069
26193	3722
23687	4706
25143	81
188	4638
3066	651
11465	4342
15829	2406
19473	5217
3827	902
22793	723
11427	4218
25988	2567
24133	4713
2536	3348
357	3975
28	4562
3053	1858
3804	2125
20616	2546
315	4194
9147	2506
12712	2965
6288	1939
23881	4488
11844	3745
9485	2285
17276	3839
18455	3545
25480	2330
19687	4282
5555	55
8711	4176
3362	4855
10133	4439
16332	2507
2566	240
22721	1040
11121	2172
4759	2227
23154	4202
20014	2697
7053	4413
17194	2760
6944	1264
18003	3188
25607	981
6943	3479
23462	4345
12149	1341
20781	4002
20954	956
25108	3603
7013	2095
19892	5100
17819	4097
2010	2580
26065	2656
18227	335
13190	939
8629	4618
23066	2824
17595	3898
19256	3883
16506	1031
510	4553
20383	3070
7014	851
22528	747
14690	3025
14985	3212
925	4185
22937	604
6073	2795
25289	528
10514	4267
20654	5088
19580	1039
19723	2704
11011	2900
18161	2568
4283	1431
25850	1142
1124	2858
14711	3640
19080	733
7038	2738
10881	2021
17950	3185
13966	1755
11878	3654
25917	1263
20000	1651
19383	3904
8471	1829
8198	2163
7094	4397
19810	3719
3618	1237
16011	3299
348	4688
22621	1157
17021	2391
15682	3049
7861	4465
19939	1079
1026	3772
11925	984
21165	1326
11664	4214
1738	239
16042	3489
22989	2393
5773	823
7479	4972
23477	2080
16084	3065
19387	1242
2656	3780
4466	1098
10543	2370
24504	4969
8349	3790
25443	2636
14485	70
19222	4402
25599	4693
17746	2242
18625	2009
19900	1650
4264	4782
2239	891
19475	1776
18246	1018
26004	3313
24765	3194
302	1936
6226	3760
5144	4258
5483	3546
1293	4074
20645	1705
15300	1722
13711	2608
10427	172
4877	1505
9618	4514
3502	1248
21515	4564
14834	1381
22574	753
22729	5076
18742	3220
14967	275
8134	2605
11577	4343
9273	84
10500	3907
22826	2498
13837	537
10825	870
10652	2626
18720	7
7088	4224
18340	2892
14346	2712
24110	156
26181	1553
14872	2131
4364	1110
88	1044
23770	80
24251	3782
8972	1389
12213	5149
5672	739
14661	948
5143	1135
24713	3955
580	574
25595	4789
12053	3216
23552	1889
19084	53
4148	3006
21858	3485
21684	4322
1878	5189
18154	3341
3748	5180
6442	2081
18034	4734
17240	3034
7356	4657
16216	839
23302	1654
21653	2194
21030	3601
11968	4603
19996	3659
1101	4531
22834	367
15583	4919
14340	1801
21100	3082
8705	4905
16565	2846
24589	2534
22894	892
13067	1681
5629	2735
10884	4830
2340	3393
523	1992
24248	1737
4705	508
5486	5229
2341	946
4485	3887
12615	3814
14771	3985
6863	2140
22283	3842
20813	3799
4488	4051
19784	1351
10130	428
21931	525
12927	502
9306	833
95	2909
93	4269
14707	2891
9764	1799
9946	2762
19927	2490
5481	3969
11591	1597
9189	5120
7689	60
6376	169
19781	1712
16728	4966
6973	4399
11495	2754
1187	4874
15455	1463
2190	2923
25304	1950
19956	4464
18582	3138
22827	5200
8148	1577
14431	4364
6832	2336
18621	4379
4846	450
18271	2684
3718	1378
18791	1716
6835	4277
14132	5063
23751	940
9964	2390
4988	3040
9387	1332
19495	1112
19940	2512
3909	376
17467	3245
23093	3053
12797	3496
6627	1520
18487	362
11216	4331
20035	4984
7772	3895
22778	1129
13292	1975
18097	3647
13469	2665
26157	2678
7277	31
6859	4189
8968	1788
15683	569
8739	4777
22190	3740
6971	1120
4425	3777
6538	3789
18158	2350
5639	1212
17463	4029
5412	2014
23476	3542
3034	2570
6891	2002
10539	2932
14176	1720
15669	3120
3990	1688
22483	756
836	1376
12798	4276
23266	2403
21613	1661
4351	2769
21830	794
20253	2729
3056	1638
8715	1300
778	4305
20150	4899
18051	850
15688	4804
25125	2931
6222	4083
281	2589
8928	1863
21910	617
19683	4632
19179	802
5109	1499
9133	381
16649	1009
13174	2006
17997	522
2591	795
22312	4900
5081	4394
7648	4023
17172	1146
11493	1912
16802	4722
24575	4909
20231	2110
7246	3033
13177	2703
2593	4300
24199	129
2202	2206
18152	3337
11445	2022
13276	269
12369	3173
23297	196
10041	1219
4638	704
5087	4019
1172	400
19738	72
9433	4089
11152	1830
15572	4656
8161	2426
1821	4434
19051	3770
8366	5230
15917	1106
11638	901
750	3645
11002	2364
16070	3249
7647	4537
13616	3263
22108	3375
18952	2108
6482	1207
16154	4057
19586	3530
15718	1030
4756	2075
22502	1034
24444	28
25215	812
3721	3060
18095	717
20233	5212
6544	2017
2926	2657
10640	3807
18067	1710
17250	541
22031	4239
717	4679
8365	1641
1029	2809
20432	697
9313	1059
18649	719
7645	405
15998	3509
26021	3874
25610	2369
17804	787
15374	5114
5268	4718
11822	2952
21657	261
9269	2360
16484	1987
2655	46
2556	804
16129	5143
9098	1532
232	2290
3999	1355
11824	1619
17308	1365
1408	2504
8476	2933
21549	3366
4382	1228
7878	3612
16225	3650
3286	3680
15608	2552
17585	4624
6541	3013
15163	3816
20148	1408
10268	222
6039	3764
15420	4170
10391	3162
21558	4633
14403	1735
3204	2453
25511	5069
19501	3452
20793	4622
12085	560
8887	2855
9090	3565
8472	5156
26	1353
18000	4100
18943	720
3916	2594
71	4273
10096	384
24252	2415
6529	3092
17359	1550
6183	2344
12645	3385
6095	3344
11951	1877
22770	1456
13480	1603
26067	2358
25937	2457
17191	2123
15664	2439
22746	3956
294	3860
15154	5062
12704	4467
21024	4594
8280	714
5767	2537
214	987
25095	5193
2247	4826
15960	3306
12642	3697
6317	2437
2558	613
18603	3866
24924	497
9316	346
12460	4311
2249	139
15182	4965
11279	4160
9264	1525
15400	745
5578	595
11241	359
22771	1369
18676	1521
17426	1526
6648	4700
12051	3591
26022	4590
1023	254
22609	1097
13832	4154
13325	4741
12411	3384
6468	380
1966	2723
18159	3668
5119	4744
8807	790
11148	559
8409	5130
22318	5151
2761	947
6888	3918
14353	3849
3372	445
7307	1435
9124	170
12742	2927
21157	2177
811	866
11461	1562
11052	983
25575	3621
23577	127
4354	2013
10412	2849
2001	2519
7726	2129
7638	4022
8054	4968
15003	467
24242	5081
23622	3238
12745	4177
16624	2790
22394	1461
25439	1412
21407	1153
25435	2638
23215	4597
1519	2637
20001	831
18390	4960
10684	4294
6583	3314
5267	4570
46	436
6513	413
6700	114
2072	2190
17038	6
4135	9
16258	12
4583	14
13056	17
14982	18
16310	19
19640	20
19865	25
19992	40
21968	42
13929	68
18517	71
23647	79
15814	92
22100	95
10524	100
18924	106
19807	107
339	108
12141	119
15784	121
23649	128
25201	131
16640	135
19922	136
26098	138
5957	141
21832	155
899	160
2287	162
3096	163
20595	181
22415	188
18623	194
17207	205
3178	209
23614	215
20421	225
1310	237
4700	242
24475	246
25931	247
24620	253
9763	260
1765	263
3032	265
17266	270
23708	273
11891	274
6941	283
10055	284
23939	290
1254	291
4255	293
4771	295
5385	297
13714	304
18256	308
20100	314
2293	341
13371	347
17187	350
21587	352
21707	365
22691	366
23452	368
4624	378
375	399
12733	403
15353	410
17979	411
4511	448
12678	460
17655	471
21281	480
25758	488
934	489
20644	493
23387	495
5067	510
8072	513
4146	531
7384	533
14512	538
10532	547
1186	554
16876	564
21860	566
21824	572
9915	581
21798	584
6774	585
15538	588
16694	589
10383	597
16115	601
21583	603
5510	605
6963	607
13636	609
11572	619
1234	633
2404	636
9341	640
18208	644
7991	653
17612	659
4115	661
25836	670
16470	673
3939	679
8718	685
12498	687
16020	690
17156	692
18622	693
20122	696
15657	731
25565	735
12406	736
7824	740
14558	743
6824	764
2309	766
11876	774
13556	781
5078	783
2200	788
8932	796
23880	803
5136	805
17778	809
22758	817
4515	822
11175	825
17932	830
23145	842
26190	847
7533	852
20119	873
21543	875
4125	879
19609	895
14559	906
5541	918
5807	920
8458	922
11401	924
20934	933
7579	938
25469	941
15793	944
17794	949
12545	951
18140	953
24057	958
23559	962
24431	964
4550	965
11416	967
25006	969
14497	975
24385	978
1488	988
1667	990
4484	991
135	994
12688	1002
15816	1008
4376	1017
205	1027
14351	1029
21650	1032
19207	1038
2449	1047
18453	1074
20346	1080
5840	1095
3679	1109
23227	1117
574	1118
6421	1119
21497	1128
25698	1131
3651	1132
26138	1139
10657	1144
12130	1145
15614	1150
21994	1154
23920	1161
16521	1163
24029	1165
12306	1176
15316	1179
11613	1187
18182	1192
2661	1194
14969	1200
18109	1202
8701	1211
13995	1220
18681	1225
18723	1233
869	1236
14709	1238
1265	1245
19140	1259
14372	1266
9389	1287
23986	1295
9255	1301
23910	1304
25582	1306
22507	1314
8768	1320
19741	1336
10819	1339
13740	1347
4552	1356
8219	1370
20827	1374
7511	1380
5901	1385
9419	1390
7386	1400
12247	1402
19895	1407
894	1413
3412	1414
5934	1417
10623	1419
11491	1420
11712	1421
21324	1423
22734	1425
4966	1432
19493	1440
9030	1450
14496	1451
15943	1459
17911	1467
19184	1468
20702	1469
25225	1470
547	1474
1829	1475
1982	1476
3501	1477
20062	1487
24833	1491
25204	1492
16575	1497
8254	1506
2592	1511
1520	1519
12587	1533
21723	1537
24587	1539
1711	1545
2915	1547
8475	1549
19022	1551
23943	1555
13388	1564
1350	1567
23224	1568
17309	1573
1014	1600
15911	1609
12627	1614
1008	1615
13333	1622
16888	1623
7103	1627
21615	1632
2255	1637
7324	1640
23665	1655
24219	1663
2789	1666
3765	1668
15663	1672
18788	1675
18940	1676
20258	1677
8376	1679
10022	1691
10406	1692
7045	1703
13493	1714
10211	1719
7510	1724
8299	1728
2630	1731
18217	1736
9432	1738
17337	1740
1248	1745
6264	1753
16872	1758
25378	1768
6160	1770
17228	1774
22790	1777
12701	1781
2783	1783
21142	1790
1044	1815
4975	1821
19562	1834
22109	1836
20391	1846
8786	1848
9517	1872
11700	1875
14093	1879
16495	1881
23806	1891
1430	1896
16877	1922
11325	1930
11490	1941
25402	1946
16347	1948
8352	1965
8231	1966
2532	1977
5411	1978
8157	1982
19052	1985
5464	1993
7774	1994
18008	1995
13653	1999
24340	2008
7895	2039
6838	2045
19101	2053
5673	2056
15127	2063
7087	2067
4765	2076
10024	2082
17681	2083
4377	2090
4639	2091
7023	2096
17584	2106
22979	2126
14870	2130
17192	2137
22265	2143
22023	2152
5255	2168
20182	2183
24271	2213
15920	2216
15850	2221
22603	2223
23513	2224
25034	2225
4635	2226
21646	2231
25934	2234
10062	2235
3430	2239
10463	2240
17162	2261
20149	2263
23912	2266
11426	2270
11811	2271
22806	2277
20618	2281
414	2282
8708	2283
24140	2289
8737	2292
9983	2299
5835	2308
9450	2309
2614	2315
3946	2322
4760	2323
1024	2325
16513	2327
24126	2341
21864	2356
23092	2368
16013	2377
21469	2379
6427	2384
21696	2387
3858	2400
25911	2425
12054	2428
7090	2430
11792	2431
18489	2443
1258	2444
12032	2445
14619	2446
20046	2456
21341	2461
25569	2462
2771	2463
5655	2464
16554	2476
13199	2483
20004	2488
6530	2492
15971	2495
17599	2496
2474	2514
3633	2520
2385	2541
10919	2550
16644	2553
16039	2560
20536	2562
2848	2564
10552	2565
12884	2566
18399	2571
16485	2577
18381	2578
2917	2581
13328	2586
2356	2600
18105	2602
17843	2611
7578	2622
8122	2623
10376	2625
17991	2643
17161	2660
25050	2662
12709	2674
3052	2680
22725	2682
12074	2692
25358	2701
24885	2705
15175	2719
22722	2722
8048	2724
15571	2728
13683	2739
23225	2744
20650	2751
19703	2753
293	2757
183	2761
12262	2778
24489	2784
5469	2786
18122	2794
11979	2803
18415	2819
20196	2828
2004	2831
15516	2843
16563	2845
22964	2847
15125	2850
5739	2860
17039	2861
24706	2878
25998	2879
18215	2881
19248	2882
13970	2884
1498	2886
2085	2893
3099	2895
25180	2907
25491	2914
22728	2918
10655	2926
18445	2928
1915	2940
21154	2943
1098	2957
21409	2968
22696	2969
10850	2975
26173	2980
17208	2995
22309	3005
4379	3012
8195	3015
11227	3017
3607	3028
8031	3029
20947	3052
23653	3057
16278	3061
24705	3062
26013	3071
16213	3072
18920	3078
16335	3079
10352	3085
20030	3090
6543	3093
11405	3106
15196	3107
15938	3108
80	3111
23063	3113
9629	3117
17984	3121
18283	3126
22375	3139
13175	3149
20892	3150
3188	3152
15774	3155
17688	3159
1834	3165
6033	3177
10468	3184
8177	3198
17235	3207
15786	3210
10081	3224
17825	3226
4052	3228
11566	3229
3685	3234
25229	3240
25674	3246
24332	3260
396	3262
4000	3269
9723	3272
1599	3284
20435	3295
25783	3298
14970	3302
5862	3308
19642	3312
24503	3326
2443	3328
13702	3336
13864	3343
4847	3367
4143	3369
6808	3370
21777	3374
20854	3383
12263	3400
15172	3407
10186	3411
20782	3413
6185	3415
24412	3416
25405	3419
26005	3423
13932	3430
3850	3435
25648	3446
3594	3461
21530	3468
21177	3474
24451	3492
9483	3495
1860	3500
20174	3501
24961	3503
21799	3511
19678	3531
20884	3532
8055	3535
11537	3538
10878	3543
19061	3561
9135	3568
22382	3573
4825	3628
18030	3637
19641	3646
13834	3649
21404	3651
5361	3653
914	3671
15478	3681
20255	3688
839	3695
2386	3699
16224	3710
21927	3713
6626	3714
5533	3718
20772	3720
267	3729
9391	3733
20547	3736
17006	3742
199	3747
20949	3768
18195	3775
16703	3783
22253	3785
5738	3787
1549	3795
7857	3804
12614	3806
18913	3818
26020	3819
2339	3820
13497	3823
7247	3824
5417	3827
19936	3834
9994	3838
2455	3848
14886	3850
12707	3856
14282	3857
10637	3865
6918	3868
21695	3892
17076	3896
19143	3903
16819	3905
22466	3909
23809	3913
2997	3917
17122	3927
10317	3929
9591	3934
17453	3935
309	3936
21314	3946
1154	3957
17591	3961
11903	3978
3825	3982
25116	3987
3849	3998
3136	4007
16110	4015
9893	4017
938	4018
24728	4040
23686	4052
192	4059
20568	4070
12235	4130
10906	4135
10116	4159
9832	4161
11926	4171
22487	4172
350	4180
5395	4188
15802	4213
9074	4219
20489	4223
7546	4225
12318	4226
7958	4228
21221	4231
16486	4236
16620	4244
1908	4245
24250	4252
9630	4253
24852	4259
5825	4278
915	4286
20558	4289
10433	4301
19378	4314
161	4315
11114	4337
25644	4347
17690	4354
18562	4362
1281	4374
9962	4381
15188	4386
12256	4395
4019	4405
12618	4414
1662	4418
3383	4430
14153	4438
20260	4457
24597	4460
13387	4474
5548	4482
25875	4509
21187	4518
21310	4521
6229	4535
22990	4543
22285	4554
18196	4567
5271	4571
18245	4574
21594	4575
4426	4587
6161	4591
24846	4599
21809	4609
5479	4614
16483	4619
17461	4637
16232	4643
19062	4645
17563	4665
22404	4667
19866	4670
7536	4673
15847	4690
16718	4692
15712	4697
25614	4709
830	4721
9053	4723
1589	4725
1981	4729
19879	4735
14502	4742
13	4748
8372	4754
23710	4760
19011	4764
9867	4774
4037	4775
3844	4803
5409	4808
7026	4811
2222	4816
15695	4819
21309	4821
9606	4827
5973	4829
4427	4835
9865	4837
7590	4839
17936	4849
25470	4851
14894	4852
21593	4860
4110	4879
5466	4883
19548	4885
18144	4887
15227	4893
22645	4896
254	4897
4106	4913
7636	4923
4278	4925
10561	4928
23068	4932
19451	4953
22605	4970
7265	4975
2223	4980
16643	4983
372	4988
16886	4991
142	4992
13717	5009
16830	5015
18454	5020
13620	5024
18036	5032
14175	5034
18156	5038
1621	5049
4259	5054
10672	5058
8512	5067
1798	5070
11411	5080
5492	5083
8870	5084
4196	5089
13802	5096
18417	5101
25975	5105
15553	5113
8474	5116
12034	5124
98	5127
2298	5142
10638	5145
2561	5153
20170	5160
11893	5168
24733	5171
10407	5206
11120	5209
9211	5215
4116	5220
19880	5223
5364	5236
14	5237
3197	1769
15184	120
18125	1484
3449	409
18778	1075
10907	1496
9194	1401
4793	2842
284	2383
8301	3728
2136	3933
2215	4817
