18875	1649
8526	3536
6159	4484
2591	795
23759	4727
6648	4700
164	3753
17228	1774
11629	2366
15614	1150
6806	3605
1101	4531
21187	4518
8671	4719
14627	398
1796	161
283	3022
17824	4099
5957	141
3286	3680
17688	3159
1508	1843
17939	351
18388	5087
8000	3136
20391	1846
19997	391
6303	3766
8513	2649
4958	4828
12802	4090
2980	593
15899	4799
12034	5124
2248	5131
5668	4731
11148	559
1825	3759
7053	4413
23863	2615
7025	1041
6024	1449
46	436
7204	950
8208	1196
6423	4536
10550	491
12709	2674
23227	1117
3524	2473
2922	2001
10818	4950
7245	844
13528	751
13741	3291
20650	2751
11823	4755
21152	4127
12980	1199
14647	1006
11919	1527
23786	3693
11468	785
19018	3897
8823	517
22421	646
21968	42
25565	735
25610	2369
1551	4769
11026	420
114	2800
23114	1345
10406	1692
3323	2191
7579	938
3845	2746
11822	2952
321	777
5435	960
4484	991
5143	1135
1787	91
23240	3557
4673	2060
7072	3256
23673	2275
24149	3147
23481	832
3983	1902
17823	4098
13815	4332
6076	3812
6039	3764
25948	578
10026	1178
12852	2530
23529	2563
16347	1948
21158	1935
2385	2541
18970	4862
26138	1139
15641	4882
25316	396
17403	2262
15249	3232
23620	1761
17999	4191
2848	2564
18867	1816
4189	2668
15301	932
17156	692
1327	1020
2596	4344
15358	5031
15685	1880
4960	1947
6527	2016
9964	2390
20427	734
6635	144
26004	3313
7023	2096
12458	4310
1969	5155
16091	3279
19015	4205
5570	3098
13333	1622
8727	1058
4988	3040
8928	1863
7895	2039
24152	3045
5407	112
19603	2059
14424	2687
8623	4809
6724	1732
22961	4792
12599	1969
19980	154
19575	5185
25094	2357
2182	1687
23167	4740
11120	5209
2621	4075
24210	3981
7452	2710
4550	965
9021	3523
21205	1594
5543	2536
15999	3597
15321	1372
22900	76
20613	182
3522	4864
14337	2169
16563	2845
15478	3681
18943	720
2410	2867
1621	5049
18195	3775
3178	209
11401	924
22693	1158
17392	2378
9098	1532
6073	2795
23452	368
3820	4079
23622	3238
21508	481
19355	1925
6667	880
12504	4724
20879	1014
15208	4728
11183	943
25470	4851
24506	3458
18866	38
1736	2685
24001	1443
6533	3178
10942	66
6078	2319
7058	5187
25631	4933
23776	2284
6878	3021
17343	4293
14325	2178
15218	4625
9606	4827
12016	2664
13558	5146
4428	2435
8534	5010
15625	1105
6629	3449
18784	3811
20379	4822
7125	1748
13174	2006
22831	1595
25868	1997
19048	2182
11713	3756
4117	2639
4013	133
9649	771
5717	344
4748	294
13847	331
11077	1155
18585	2466
18375	1864
8261	514
13282	1123
15714	2102
17162	2261
8558	5008
18560	3231
6735	4739
254	4897
3818	4737
1339	1182
2293	341
22369	526
543	1473
6291	4623
6482	1207
22888	2404
2993	2088
12287	1462
3804	2125
7481	2621
13705	2558
17251	2670
2259	3928
21814	4066
8031	3029
16747	1382
18905	2211
9710	86
2185	1616
16332	2507
19712	4593
22018	1926
17394	1915
21816	3151
21313	4519
4724	2335
13096	1003
3633	2520
13682	2653
20569	4152
8925	3686
13619	2465
23344	26
2476	4431
14020	2193
23394	1717
1685	1897
19551	3739
1858	711
15667	2302
17082	2587
8768	1320
12049	2973
8336	4772
11114	4337
22975	1887
23306	3068
4472	165
14369	3330
677	4586
19109	1543
1149	2334
1058	1825
21466	3116
7958	4228
12512	5059
3033	2887
2810	3507
24251	3782
18913	3818
4469	3706
10904	3855
19583	4319
15688	4804
6971	1120
6094	168
24814	23
9595	3949
5210	1053
6185	3415
11979	2803
23909	706
12971	223
21755	3457
3819	2810
2449	1047
3279	4785
128	1916
17994	3873
6807	3604
3873	1901
492	3519
6701	5205
21303	5000
9417	1772
25528	669
3243	1173
25319	1026
1833	3197
20108	476
3631	3124
10253	2181
14159	4257
23841	860
8517	250
5365	863
11664	4214
8678	3726
11459	3862
12617	4495
2614	2315
15917	1106
10163	4376
19580	1039
21469	2379
3377	4931
14872	2131
4135	9
15585	600
4525	1792
8193	1763
3006	2620
20191	2228
1499	3054
1311	1894
4289	2146
23665	1655
1656	4355
14339	5162
925	4185
22692	4805
23423	1572
23151	213
17293	4707
17439	307
23674	2876
3283	4077
19741	1336
21713	4850
4051	4517
20305	2274
15695	4819
9944	2460
21943	1015
23710	4760
14639	4475
18904	2025
21390	4801
21162	1907
18276	840
17569	1813
22621	1157
6891	2002
4713	763
15388	4120
16932	4955
21944	1653
4383	1276
9038	5148
11641	5074
15227	4893
17231	3251
16622	5019
16722	562
20783	2547
9020	3522
15235	204
20792	3737
16756	3966
20150	4899
894	1413
22937	604
12056	1000
22493	1489
2511	2708
8732	1690
1914	2686
16226	4869
20654	5088
16831	2433
17127	3372
15805	2103
5212	4203
19316	1260
3501	1477
830	4721
24398	909
5364	5236
71	4273
21157	2177
23092	2368
12017	3958
16429	2945
5408	893
1561	989
11227	3017
11491	1420
17285	1152
727	189
19974	1913
385	1750
12863	4959
6340	1054
9413	4284
6226	3760
7650	3869
10564	4427
25977	3974
5828	4357
23916	1612
414	2282
5087	4019
23420	2619
11840	2272
12473	5086
21646	2231
17807	1072
9994	3838
17822	674
23351	1522
7717	299
22075	4265
7768	268
4366	5213
15005	548
17590	1453
9149	4888
9327	3183
16647	2631
3206	4548
215	708
13325	4741
2623	4076
15718	1030
3449	409
15396	4940
6288	1939
4284	2353
23901	2468
24732	4823
1092	4368
24183	3512
25354	355
11108	4021
21588	1394
17440	3483
19208	4158
6446	4746
22299	3004
11844	3745
2203	2200
403	1318
17309	1573
8386	3731
12070	1942
16937	1673
18517	71
12262	2778
25836	670
9037	3638
4258	1395
23943	1555
25975	5105
10117	1800
5825	4278
9869	1061
920	2337
6748	2747
15250	3630
4273	2524
2133	441
20046	2456
25649	4551
15258	3019
11971	4922
23730	3414
13995	1220
8403	3397
3532	2765
19447	4389
20434	4390
10341	4701
7095	1854
8448	4088
6525	4085
8077	4606
26173	2980
22100	95
15181	4635
25957	4113
4102	2598
7595	4211
24242	5081
23751	940
8458	922
3048	2888
1600	2835
9829	727
22395	3282
5571	5095
8739	4777
2752	280
5840	1095
24943	1817
8710	755
6538	3789
19089	39
3200	4781
21629	1084
23246	1426
4034	5064
4376	1017
19325	1592
1254	291
21027	853
4773	509
13659	927
24835	1957
3553	2727
15386	5138
9892	2897
778	4305
5182	4037
25089	4013
4959	4060
19612	2694
16726	563
5479	4614
21184	3698
22836	900
1941	356
8643	3323
14498	3018
14512	538
5056	3166
22826	2498
22722	2722
24705	3062
11199	3516
23412	2635
19314	5222
22290	1428
4954	4807
12885	3593
1611	3439
22980	5036
9921	5057
17740	4072
4021	4589
12135	1001
1549	3795
21998	3362
6579	4550
23672	5118
12637	701
1051	5091
6711	2681
9266	4073
4354	2013
21131	3661
19444	4206
16039	2560
17114	4222
18152	3337
7883	1587
24699	2791
17393	2509
2193	1574
10923	2375
25582	1306
16235	3608
21028	4480
15161	3767
23099	2144
18314	4193
19783	898
2249	139
1908	4245
15148	4095
4634	3926
20662	565
21777	3374
15784	121
4877	1505
853	3247
18065	620
13012	5042
21832	155
4975	1821
13010	2164
9471	416
23509	1888
16906	1820
4685	3043
21495	968
2870	1959
22771	1369
3946	2322
2309	766
21142	1790
20196	2828
409	2513
3875	2770
17585	4624
13713	800
5417	3827
25043	4524
11792	2431
17937	3972
2475	3190
731	553
24578	44
2334	5172
19216	313
13616	3263
1150	3438
11563	319
19084	53
25729	2647
8824	1190
22644	1294
12290	4555
6808	3370
294	3860
82	4802
19686	2572
1154	3957
25125	2931
19800	4227
8340	2427
23156	5176
13628	4756
13649	520
18920	3078
21650	1032
16232	4643
4705	508
15485	4501
5162	3676
23134	1241
9143	997
8452	4325
12043	3219
12192	4812
11828	4650
5434	594
8312	757
25541	158
15245	1068
18634	4417
11030	3940
10561	4928
12295	5119
19707	1955
13026	925
18522	3186
25405	3419
3171	281
20002	2967
17273	2804
22083	4125
19301	3127
10841	16
1383	4934
7280	5164
8705	4905
178	1744
19645	1078
6434	1586
14496	1451
22953	2278
13614	52
3310	375
10356	4644
12423	3592
7468	4579
17149	2733
380	3658
19168	872
4774	2055
23385	1996
24959	1958
6919	3577
22966	667
24032	2592
5575	2787
15600	2551
18724	954
17464	1452
23480	4303
17345	2104
13	4748
21089	1905
8730	2702
11465	4342
2080	3562
11631	3690
16900	3144
3750	4141
12370	3000
1670	4853
10590	834
2559	2535
26	1353
8615	4186
16433	3877
1992	3481
19469	3100
17233	2210
10990	4155
7093	3135
20537	4365
16953	2233
23168	3797
12337	103
16482	2157
16891	4653
9629	3117
10638	5145
25217	4478
20031	4557
13355	4528
25662	3551
8774	2389
23363	647
23429	43
5497	1099
10711	385
21051	3541
5402	3574
25250	2448
6941	283
26157	2678
12422	626
23915	3620
4027	198
13334	5023
7648	4023
17039	2861
25383	3356
23714	2970
14431	4364
3839	530
12788	2023
574	1118
5712	328
13387	4474
4656	4566
25486	1352
22393	228
4798	2642
13384	2420
6638	2449
81	1708
10912	896
9865	4837
20567	1700
21154	2943
6350	4752
3725	1607
2186	3937
3910	2352
23727	2237
3526	3209
15073	5133
10350	1062
5172	917
14130	4841
20182	2183
2713	2481
9591	3934
11132	1197
16835	2385
11842	4358
1116	1113
6172	323
309	3936
19613	3170
4036	660
12787	4291
914	3671
21771	2518
14628	752
3937	432
5606	243
17141	4351
18182	1192
11182	974
2404	636
21530	3468
16470	673
357	3975
18736	1011
4512	712
15589	3631
18160	334
19495	1112
15198	1709
25116	3987
16729	583
21404	3651
13703	3382
3651	1132
2120	1983
4759	2227
491	2857
11733	1876
2883	857
24160	354
23681	2236
2938	4858
3231	506
21614	2632
16040	3794
15003	467
20782	3413
25911	2425
11328	1931
10513	4787
400	3011
21562	2911
2515	4471
23805	1890
194	4472
23864	1261
9987	1570
10676	3502
3053	1858
5268	4718
5503	1979
12687	2607
22779	483
9517	1872
17120	3948
5934	1417
15409	1124
21584	3497
18996	4696
20066	3428
3100	4510
7350	357
1347	1951
22816	5163
23555	3376
11879	4522
9207	1960
5481	3969
10656	2363
14543	4230
18942	3598
20776	4456
18125	1484
25060	527
17471	4715
22278	2522
17076	3896
937	1
11109	2910
8738	5022
16368	1151
16041	3349
23760	5040
3034	2570
8211	1357
11719	2451
5078	783
6376	169
7802	3371
9968	3462
8787	2398
24454	2696
17426	1526
1817	1606
19961	475
10358	2898
16471	2641
13404	2097
12311	1818
4103	3871
21468	2429
25112	1923
22423	1282
14165	2576
14969	1200
18685	4124
14698	2287
11279	4160
12803	3075
25359	573
4106	4913
4379	3012
19879	4735
3207	2333
7603	4726
23686	4052
15311	1757
17851	5211
11591	1597
2250	292
21663	2833
21809	4609
2720	241
15248	3900
21929	2996
15678	3616
16554	2476
2562	3515
12644	3634
25934	2234
13859	3276
16872	1758
22848	890
2142	4062
17827	2510
15374	5114
1696	3773
9135	3568
374	4455
12472	1645
23772	5139
6431	575
4196	5089
18245	4574
7861	4465
360	4943
8177	3198
4727	3555
14809	4197
24219	1663
5843	3388
8349	3790
17764	3110
20647	1373
4642	1328
1194	3484
21169	2954
16655	4894
8786	1848
20059	1366
4351	2769
10354	2208
14542	715
2190	2923
500	2689
19608	4630
5209	1602
1403	1528
25996	1271
11557	2454
22744	4634
19004	2854
1346	3932
11461	1562
8701	1211
1376	4681
1125	3534
13802	5096
13470	1254
7510	1724
13704	3941
9387	1332
10446	3678
8280	714
2512	255
9482	615
9316	346
18721	4442
11015	302
16020	690
19900	1650
85	3476
9518	4936
6944	1264
9306	833
18648	552
9889	596
23219	3912
5529	3265
19936	3834
21798	584
195	869
15205	2300
20003	2312
11661	1149
14051	2209
15623	2355
1860	3500
6824	764
17113	35
7542	2817
21808	3711
5241	3513
4195	1530
20645	1705
20233	5212
18924	106
17564	3316
25557	1892
2127	2405
24250	4252
22793	723
19509	4704
12212	729
13834	3649
3754	2829
2526	2779
21684	4322
13031	5021
748	2981
9773	798
4015	858
14616	4266
24129	2768
15395	3331
25211	4921
1109	2925
15422	4424
24463	4453
16159	469
13422	1988
22285	4554
188	4638
10878	3543
10969	1540
16414	1324
5065	2092
9717	5066
11891	274
10463	2240
21547	2919
5267	4570
4302	1548
22778	1129
20215	3398
5830	3153
8920	1437
18338	5033
22404	4667
7011	3666
21927	3713
7383	267
20478	1108
8053	249
8888	1680
17865	4680
11577	4343
16621	4246
10931	2196
20260	4457
25978	760
15596	3076
6706	3863
8552	345
4483	2958
8150	2716
4267	4682
7046	3047
16210	1323
24293	130
1023	254
10919	2550
5466	4883
6934	652
6732	199
17692	472
7504	683
245	2255
12641	2116
17339	1091
1653	440
13034	4796
1668	4443
10615	2691
14709	1238
18279	4578
14662	4144
8968	1788
17294	775
9208	3524
16543	2840
20765	2199
15357	3817
16131	3607
9093	2037
20543	4366
5107	379
6056	624
21754	1344
9338	2992
16340	5210
25402	1946
6576	5048
676	579
10726	2155
17655	471
24207	4373
320	1444
25998	2879
20375	1842
18122	2794
26013	3071
21554	1571
7277	31
1093	1908
26196	1582
8614	1096
6512	1016
20915	889
10467	3148
4771	295
20668	4139
5505	2328
15961	3024
16234	2669
9735	1137
2316	3749
23488	3619
20813	3799
12453	1483
13683	2739
19140	1259
22189	1885
16022	549
21075	73
7483	3854
5511	4974
25601	82
5465	1684
8071	4595
16484	1987
12235	4130
12306	1176
8641	134
13469	2665
23775	4470
3599	4840
8263	4115
19955	153
15935	838
18185	2024
6443	3832
18783	2902
1488	988
16817	1439
7088	4224
16568	2517
21658	2838
26067	2358
23441	1130
24733	5171
14176	1720
5477	3822
17191	2123
22324	4102
4377	2090
17861	3997
17875	1214
5260	4046
21156	1906
11047	1670
3989	4714
18595	986
20328	4271
12496	459
19340	287
17280	4461
880	3215
11863	2040
19940	2512
16590	1805
15495	3691
26194	404
232	2290
24888	5152
14767	305
24932	1508
5469	2786
21171	4872
18543	645
19233	286
16830	5015
2455	3848
24708	4447
17739	611
20772	3720
1050	3947
18097	3647
9763	260
15824	3843
3063	1247
4182	1903
25437	910
5415	2755
16216	839
24159	4678
18370	4241
8511	3094
15108	1363
20526	3478
17591	3961
3988	4003
5060	3088
4822	219
20319	4890
17804	787
17932	830
10252	4254
735	5140
15455	1463
24271	2213
2490	3097
13319	598
22048	4476
26021	3874
22487	4172
9249	3590
14302	4842
24270	1346
15145	2099
16770	33
12369	3173
24412	3416
17797	1405
21341	2461
10872	4250
12106	3392
5446	4947
9764	1799
20558	4289
14559	906
10794	1140
17331	492
20940	3763
25059	4788
16006	1156
8048	2724
6170	4985
2055	855
9265	1514
24593	4508
25684	1218
8298	2673
252	3800
24330	2296
19102	4349
18052	1674
3173	676
18091	961
1728	499
2593	4300
23462	4345
25215	812
23809	3913
743	820
13153	2796
14667	2455
6072	2856
1989	4912
13480	1603
17599	2496
18972	3426
10456	1167
7317	1867
3105	4317
26005	3423
12165	2310
21407	1153
17503	5181
10445	3685
17017	2659
19807	107
25676	4182
1782	3809
1519	2637
23454	2863
13292	1975
824	439
19457	3378
18771	4507
20664	571
18286	206
20231	2110
18940	1676
19881	2977
6465	317
10381	1035
25006	969
28	4562
22394	1461
3683	2745
3677	915
20854	3383
25534	3694
833	4585
25387	4132
10251	772
11223	102
21778	2741
24728	4040
15657	731
12149	1341
8630	3101
4896	1396
9224	5012
19324	1698
1000	576
4495	4753
17589	551
16227	3995
17821	2561
25644	4347
5353	2307
3679	1109
14854	1949
15435	2559
12645	3385
7602	4945
23918	2267
22746	3956
4139	2961
16357	1850
8369	1617
17022	3529
18094	3046
18625	2009
19150	1604
13862	2294
17346	4889
20597	288
13501	837
18417	5101
14690	3025
18140	953
14540	465
21995	1298
14499	3431
18193	1383
26100	937
14894	4852
21630	621
18174	1227
3872	671
9984	3292
15191	3669
4708	916
21491	392
4635	2226
7635	1057
2785	4462
24470	3803
21333	3399
9325	85
3731	110
18681	1225
25648	3446
22184	272
23066	2824
22603	2223
24023	629
1493	3672
5631	2470
4241	282
12722	2311
16506	1031
3067	4441
24122	3059
16945	2176
12071	3665
22046	1538
2851	3499
24845	1204
18396	2107
4068	1319
17277	2120
1490	3798
25937	2457
4625	2929
6337	1793
25959	1786
7015	2348
1104	2771
17825	3226
8047	2232
17924	1945
8146	4479
17308	1365
20641	1746
5302	266
24097	2538
14970	3302
13032	663
13831	1646
11924	905
24594	3821
14153	4438
8541	2775
9643	568
25111	2145
2004	2831
9017	1634
11464	519
19061	3561
8475	1549
18521	1766
21800	1171
2823	1866
4467	3205
5838	618
9130	5192
23647	79
16258	12
19145	5039
16353	4832
1910	340
2247	4826
16778	849
3345	2238
6389	4576
14419	464
4265	4569
8504	4126
18582	3138
8301	3728
20001	831
19932	3833
7911	2070
9522	63
17882	4118
734	5001
18217	1736
17194	2760
23063	3113
3998	2648
2144	3581
20004	2488
921	1933
18743	2873
22903	2875
20341	1516
10532	547
23811	5188
25554	4034
1915	2940
9408	1784
24214	5219
6726	3380
269	3437
23355	2905
2047	970
3852	4422
19871	4025
18143	718
15400	745
14131	4989
11016	4951
23297	196
19358	3578
15372	4123
4743	111
1550	3037
18544	4661
16727	211
7071	3014
345	632
7038	2738
10677	3939
8612	818
1963	1546
25231	4768
12101	256
410	5214
15665	4056
25940	631
7459	59
9269	2360
8476	2933
11746	1168
16011	3299
3508	2115
10819	1339
12981	1244
22929	3300
14357	2528
23051	1327
11898	2777
14485	70
21436	3618
25896	911
11112	2005
24924	497
18995	1833
16570	3878
1765	263
1823	4237
8702	3667
3197	1769
9432	1738
22318	5151
18183	4926
20519	2264
15186	2941
15126	1255
3068	2469
25903	1910
14340	1801
7935	2521
364	3160
12860	360
19866	4670
2340	3393
18415	2819
17137	3610
14135	4119
6355	2814
16648	4145
2076	821
26171	2960
844	4448
11017	2979
11416	967
25143	81
8538	4672
20560	3945
6307	5052
4750	4149
16783	4663
6305	2128
21289	3404
18658	2676
17751	716
7586	3504
70	3554
12118	150
22325	4861
2805	1375
13999	2628
4144	5016
2516	3360
23757	4720
18596	5017
18156	5038
1818	2859
16994	1177
21024	4594
25877	3390
11372	1924
6641	2215
17626	388
1981	4729
6219	329
12868	3339
17992	5129
8871	3122
3411	2434
9979	4483
15911	1609
12065	742
24833	1491
18067	1710
20807	4616
14818	87
17297	3996
9721	64
1153	2997
3811	3675
6920	1919
23264	1706
17918	2826
7096	3589
11231	1340
9483	3495
12710	1064
13673	2167
8680	2499
11892	1704
23576	126
9986	2450
18373	2671
21772	3083
12797	3496
5546	3506
21029	3434
25091	3035
1839	1246
23382	434
7386	1400
18331	1010
23720	2011
1608	3089
22725	2682
1841	634
3607	3028
17731	2452
18741	1406
22023	2152
3534	2089
12798	4276
22309	3005
11194	2173
10522	4927
18586	4338
17956	1841
27	4336
25130	4229
14308	2718
22728	2918
8557	4408
3387	1796
4033	3412
2984	4425
4643	5102
26048	5226
16177	3087
19683	4632
13371	347
2773	3091
7444	1056
8279	1845
12618	4414
4019	4405
22528	747
6456	4084
352	2218
11467	5184
14171	5238
17341	3802
23637	78
3982	3564
18003	3188
3716	972
15125	2850
5533	3718
113	3036
19675	1486
13714	304
8187	4733
3999	1355
5181	959
23723	2118
864	3069
23553	4494
23506	1760
15793	944
2770	3351
10652	2626
13415	5136
6888	3918
1172	400
19111	3175
6290	4875
19446	1077
13677	4876
14383	3463
5545	3189
11968	4603
14286	2276
3239	4341
1556	4199
21144	4136
22951	1159
2803	1502
3652	3584
6380	3274
16802	4722
11902	3237
5137	4761
7877	4421
6448	3931
1995	1045
2119	3624
12053	3216
6364	778
20335	2573
11472	457
10884	4830
1045	2811
23652	4304
22696	2969
25189	854
23713	3466
18739	955
23233	3180
19443	4445
20943	5043
13521	3810
17501	2185
1310	237
5774	4652
8378	2971
20568	4070
3812	4078
12380	370
2569	3505
13520	1004
934	489
12041	4581
18145	3510
7541	2438
14373	4094
3850	3435
4183	2998
11662	4906
13202	3784
6828	1025
25853	4558
7855	1862
25599	4693
11152	1830
16963	2750
10133	4439
19962	3133
97	4316
11929	4179
10130	428
16310	19
11539	4892
2487	4642
16640	135
5771	1398
24960	3977
25607	981
17179	4328
2505	2136
9715	5065
5225	3134
24870	3073
6455	4178
6375	190
11811	2271
11035	3859
5738	3787
18910	616
10910	625
19931	4493
16224	3710
23256	1442
751	4020
16262	1832
23649	128
25585	2374
22598	75
26022	4590
18984	4432
4989	1479
4488	4051
18558	2922
16032	429
5468	4730
17419	2601
9018	4279
21409	2968
3452	3460
13291	3735
15188	4386
13167	4500
13220	582
25844	2915
16070	3249
25571	3363
23485	2394
25916	934
14599	931
12318	4226
7522	1299
15947	3575
9915	581
4782	1952
20331	3644
24640	3042
25172	784
3909	376
373	4640
8592	324
18443	2675
1248	1745
10134	1611
3451	2737
22502	1034
14346	2712
10514	4267
19093	1697
20550	1998
12887	3891
17161	2660
14154	3409
7525	4087
25181	2424
25674	3246
6556	2759
16743	1270
18489	2443
12616	3886
372	4988
10116	4159
10588	2593
14534	897
2926	2657
915	4286
14652	3464
4513	449
24726	4340
9504	3130
22839	1837
10433	4301
20517	1164
11213	3389
25609	4164
21634	1743
8503	558
18340	2892
6390	1498
17991	2643
12712	2965
24126	2341
20683	810
20644	493
11865	149
13482	4091
16962	3559
2774	3582
2741	443
20062	1487
2630	1731
23856	3493
4422	2525
8215	2268
11566	3229
8721	546
23465	3993
9962	4381
25866	51
11280	5061
1560	4683
11325	1930
375	399
2143	2934
15814	92
1044	1815
5698	3755
11442	2395
8307	4946
4000	3269
2295	4334
4431	1827
5412	2014
12498	687
11233	148
17118	3335
19941	4798
3681	2585
21697	3990
450	3223
19586	3530
5409	4808
19573	721
6707	2493
18667	2677
5634	217
7563	1733
21167	2361
1436	3642
20587	2084
21799	3511
13680	2038
21594	4575
22530	2036
5848	1480
20534	315
22720	4323
7956	454
18444	4101
9264	1525
11470	786
18383	3840
19705	3599
19568	2487
10115	1610
18524	2065
14664	2748
4451	2298
23910	1304
18105	2602
19244	2713
20960	2816
23810	3611
7050	1141
5639	1212
1595	339
25286	861
17470	5003
23559	962
13357	4778
26006	4710
2991	1727
20952	3038
12691	688
10180	5173
19081	4339
1024	2325
24860	2229
15516	2843
21032	2422
17537	5030
15880	1438
12113	4990
16498	349
12743	2645
12066	1620
4633	2820
6611	143
16890	2939
8595	904
24464	4773
7727	3876
379	1493
9209	2731
8742	3112
13390	4977
16148	175
13675	3884
5216	3420
9893	4017
11427	4218
14037	3168
5441	1416
7188	30
6160	1770
4819	3200
21847	482
18487	362
13597	561
25540	3084
5194	1024
24444	28
22244	4233
22618	4523
24101	977
11418	4318
7094	4397
18189	2243
8870	5084
15477	1007
25589	1162
22021	4659
25537	2989
19114	1076
23225	2744
4262	5204
18688	5055
3743	1601
8367	1707
18196	4567
20926	4743
8352	1965
3654	3408
14128	1349
19387	1242
18592	1628
20174	3501
15624	3233
21309	4821
15687	3902
13931	3365
7206	1284
869	1236
13318	945
10243	251
7615	330
7126	2883
12157	3979
1545	724
14102	69
4700	242
26102	4794
16742	2295
9439	1495
16976	1590
24615	4106
2654	97
14149	4140
20853	1593
9659	980
6229	4535
15195	3243
25988	2567
7637	3625
20766	5111
1606	1752
3721	3060
26127	1471
16886	4991
4110	4879
6642	2119
4485	3887
23303	4568
6905	2192
106	912
15172	3407
22748	3480
22806	2277
9712	2154
6813	3381
15553	5113
26051	936
22246	3145
22087	1835
10601	923
20100	314
358	3725
4038	5186
19895	1407
25569	2462
13636	609
13621	2381
23530	4148
16594	539
5067	510
22730	4873
7515	4914
1341	2523
12045	1658
20774	543
4697	996
16598	3967
15626	3727
23266	2403
3102	4360
9124	170
13320	1976
2200	788
3655	3585
8299	1728
16882	3527
8725	5107
18000	4100
24128	5079
21949	5004
10024	2082
25408	277
5672	739
1010	5194
2118	3836
8726	3103
20489	4223
8036	4747
18161	2568
20808	1624
16162	1312
22428	4384
1855	3750
2568	2894
20383	3070
17172	1146
20258	1677
21315	1455
10382	4978
1425	856
22284	2030
12696	3571
1427	3746
12507	1063
14845	5239
834	3096
4588	1447
14123	320
24614	2597
15192	2071
2223	4980
20253	2729
18453	1074
1373	89
19013	1293
2450	637
24141	5157
8128	3440
953	1023
4756	2075
14886	3850
23514	2032
20119	873
13483	3639
21558	4633
7853	2780
8672	146
822	4935
21549	3366
10458	2899
1258	2444
15383	976
9755	301
13205	926
14385	1279
16123	1823
15583	4919
25107	1411
20914	4393
22105	2423
22129	4131
19642	3312
16106	2407
11522	4128
21281	480
5352	2595
1234	633
11816	3930
5601	2343
21815	1625
2222	4816
19464	325
11926	4171
10907	1496
21339	4367
2001	2519
23163	2743
4261	3894
1976	5117
16659	1696
14967	275
17021	2391
7916	4563
22147	3067
25718	3377
7477	4790
23693	1490
9094	3560
26181	1553
8449	3919
16730	1806
5062	2976
26191	4411
23712	1086
5636	2542
13622	2652
16620	4244
5059	3467
24199	129
9863	3007
13641	4285
5261	5231
3682	4463
23896	1626
1281	4374
5809	1822
12938	662
3280	1235
23153	2007
9092	1482
24169	4324
10497	2734
1026	3772
15416	1729
3955	2359
20667	2667
12884	2566
22119	2949
22108	3375
8932	796
11923	2079
21860	566
22876	2412
21823	2288
21653	2194
9630	4253
12338	5190
18234	3259
6075	3429
7632	4215
7247	3824
12324	1644
5510	605
12927	502
13647	2432
5667	4845
10824	2251
23689	1523
24451	3492
21621	4292
20562	477
3418	1667
18684	3451
2561	5153
11878	3654
19221	5002
866	3225
7543	5078
88	1044
1289	4137
2558	613
13175	3149
16800	4498
25379	1205
2530	1048
5445	4388
15920	2216
7824	740
20106	2367
18580	193
20806	1652
12735	2340
23945	232
6863	2140
10478	2983
12050	5235
16358	4937
18549	178
18299	4281
24877	3830
16921	1598
93	4269
18778	1075
238	2841
20346	1080
24846	4599
9241	1286
11411	5080
17463	4029
17125	3041
15774	3155
4650	3143
7636	4923
9993	1322
8887	2855
19711	1092
16823	5094
25201	131
25660	1927
3653	4375
25719	3964
22382	3573
7511	1380
6184	2916
24781	2782
20787	2799
22377	1701
6610	113
23855	21
17086	2458
4255	293
8851	814
5251	296
15382	2057
25545	4671
21587	352
25435	2638
11991	5027
19252	4458
9871	4327
9943	1148
1840	762
6264	1753
22497	494
20663	1686
17563	4665
18723	1233
6503	3700
24127	3986
8735	4994
8877	3447
4263	4187
23298	231
1588	90
22811	1886
10526	2241
19101	2053
13352	406
1293	4074
15538	588
5839	4810
25917	1263
15846	358
1511	1377
4555	1297
10986	2947
20084	5047
14096	4201
4266	4981
25050	2662
22504	1085
19380	4512
1967	4695
17778	809
14007	929
9736	1252
19059	694
17304	2985
14265	433
15974	3315
19939	1079
16553	2844
22483	756
5184	3322
11801	1359
23419	3140
17724	4112
8335	300
1430	1896
12612	4157
16820	4255
19890	1515
24113	1429
1186	554
5478	3788
6315	3852
23554	4492
884	2785
14844	4312
11583	4272
8530	4134
12286	1368
13035	4014
5731	3347
10925	3242
1857	4403
25852	4780
3718	1378
12373	1360
17584	2106
16281	4039
6023	371
10383	597
21779	3325
10002	4580
18557	3655
9414	4297
25829	4526
21928	3193
17090	3123
8147	4142
1966	2723
6868	4086
19204	2501
15816	1008
13498	3174
14541	2062
19445	1111
8308	4409
24734	2442
23967	207
22466	3909
24575	4909
392	675
7026	4811
15163	3816
23986	1295
22381	4958
21830	794
7844	557
18237	3285
5246	99
25108	3603
10056	4976
17016	3528
351	709
20528	3635
15420	4170
1667	990
7807	4649
3948	2736
4583	14
17388	4496
1217	2338
16675	2984
18669	4669
7546	4225
7246	3033
10966	2789
17729	792
25271	186
8054	4968
26020	3819
13989	928
19738	72
9759	147
2388	4165
15082	985
5812	1585
20008	50
24202	4655
8391	973
15159	174
10211	1719
19143	3903
17828	1257
98	5127
17116	1334
18579	602
3174	3379
9450	2309
18899	1812
14648	1065
350	4180
22927	4854
15418	3801
12842	1036
10896	887
24939	233
8087	1088
19179	802
12387	4489
22190	3740
14009	930
8310	3656
14606	2254
1834	3165
4493	2010
1408	2504
17543	1990
4515	822
5740	167
1859	2068
16957	4857
1498	2886
18102	2865
19954	1170
12928	463
23881	4488
16110	4015
1279	4067
15717	2726
15197	3774
11141	4190
14078	3544
16335	3079
882	2885
25511	5069
7863	3201
24385	978
6774	585
12032	2445
15401	5090
2081	749
22917	1189
14976	2781
2556	804
2536	3348
4875	2532
11284	2533
4878	3321
15253	2629
15247	3808
811	866
25614	4709
7645	405
16565	2846
25095	5193
18344	2529
5485	3235
20949	3768
7194	2815
7801	806
10791	2549
6316	3206
16955	4166
20942	3453
10499	4691
11493	1912
12389	1028
4353	1917
2355	4466
15423	4886
19184	1468
24601	4065
13624	1005
7585	5137
10178	4711
3412	1414
3977	1512
19528	3921
6529	3092
593	1613
9983	2299
5385	297
13328	2586
24294	2877
12160	2147
18447	3261
9273	84
831	5060
22577	3922
24456	963
9579	4954
4466	1098
19489	1127
5255	2168
14376	1814
3853	677
2386	3699
17173	4247
5211	4870
3821	2830
22832	748
6709	3187
6895	2149
25615	3114
4180	1209
1075	2291
6963	607
23226	4370
16485	2577
4275	4195
2712	4612
14093	1879
17859	1240
2750	4138
22203	2834
5629	2735
18030	3637
15524	4198
17750	4162
2563	3663
22899	1851
25086	2906
8717	5144
8446	2043
11640	1333
23346	1544
19297	179
15905	2836
24439	4363
10600	1713
9572	15
10235	171
21221	4231
20956	1186
11622	4423
7524	4122
16609	4987
4148	3006
15182	4965
16741	176
18337	309
2826	3156
4037	4775
21596	4662
18884	3547
4138	1928
19585	2049
951	4181
19784	1351
21497	1128
22741	2031
21190	3954
2622	2813
20086	3081
7625	2604
11812	1734
11034	3471
17587	5174
23880	803
17235	3207
17819	4097
3096	163
23383	214
9255	1301
17291	4011
25205	316
10268	222
6666	3952
12248	5126
12742	2927
9082	1618
4199	3831
12554	4924
8366	5230
3052	2680
19992	40
25152	3128
18782	3307
6468	380
408	3648
6534	4956
9459	3825
3502	1248
8970	4428
20064	3643
5697	5006
8156	3396
2009	3394
18622	693
18870	1485
6835	4277
8055	3535
17850	361
8972	1389
11241	359
14182	5029
16719	3526
16213	3072
8969	4604
7774	1994
12107	3199
21030	3601
2912	2187
24462	5073
10881	2021
25543	5224
14351	1029
6408	1434
547	1474
3074	4529
18445	2928
782	4891
2085	2893
20850	257
12252	4666
13008	815
16751	3214
15415	3044
546	132
23154	4202
19246	2026
22242	2579
17006	3742
23474	3196
14282	3857
15365	1535
23093	3053
14711	3640
11082	456
20155	3422
12615	3814
23708	273
7055	4592
2620	327
570	437
19019	1313
13864	3343
21696	2387
21657	261
17182	1224
17583	3332
13036	3916
24713	3955
2950	3417
4624	378
2527	3751
19609	895
9831	5085
10559	4573
16231	1804
4372	4646
19147	4150
2959	914
11197	4450
2328	4771
11426	2270
8302	1986
3056	1638
21031	2303
10039	608
5202	2798
11012	4469
11113	2661
4511	448
17536	801
20424	2441
23224	1568
12213	5149
74	5141
22901	4103
21191	2832
15419	104
19996	3659
7878	3612
6914	4577
15300	1722
7573	1762
2877	2942
4834	4081
22188	1884
5227	2347
19598	4330
17075	1464
10895	1311
23137	2695
15962	5099
4631	2690
13955	203
14370	1802
22254	3026
21931	525
12654	1342
7829	2050
16154	4057
16644	2553
23648	2823
22144	1243
15413	4416
2485	430
25597	1678
15384	657
24009	27
4293	3769
11216	4331
22503	4235
22791	394
17817	3450
21391	1767
17135	1882
23946	3943
13966	1755
15166	1695
4868	1964
21206	3550
21090	1234
22321	212
4290	2805
4186	3885
25382	813
15770	2141
11951	1877
25849	4527
16676	883
8593	2792
18597	3980
14033	3352
9722	3525
9138	1855
24110	156
2329	4598
23968	326
23146	4302
5807	920
21708	3445
24957	4407
16015	5201
19164	3031
3442	3674
20781	4002
3291	3387
19064	4942
21638	3444
14371	3154
3066	651
23771	5018
24592	2588
7578	2622
7506	4000
21853	2783
8520	3086
8628	4473
22489	2633
19161	1042
17934	2767
6908	4732
22620	1409
9458	48
15786	3210
7482	4620
20317	1317
12733	403
17953	1290
26167	3405
21401	3657
12552	2326
12940	4815
10496	2732
22233	4153
1674	2477
12308	835
15681	4621
11125	2557
20230	1857
10113	1143
16496	4997
22574	753
11175	825
19978	3338
3032	265
10807	3115
8122	2623
3059	1909
10022	1691
22311	5046
21811	3490
18032	2486
26141	1229
25220	2046
24340	2008
21727	2613
3186	5028
23991	957
10390	1980
7264	1103
20884	3532
1090	1665
26098	138
8161	2426
8815	741
8222	966
22719	4321
6031	2582
16274	2721
5400	2766
18379	4043
851	2480
1107	4398
24121	3171
23511	668
3953	2956
12307	5035
12161	3962
22031	4239
21515	4564
16765	2351
10154	5013
7446	3345
5116	726
20149	2263
5392	2436
5656	500
14317	3761
25388	2382
10246	1289
7007	789
25396	187
13493	1714
7716	145
24371	183
5257	5199
16545	4109
12503	641
16115	601
820	2955
19451	4953
21861	2029
12675	1819
4640	2880
24499	3254
8891	5167
9335	2203
5125	248
18880	3539
9486	3537
18603	3866
4125	879
2949	431
19149	285
22729	5076
25321	3427
17874	2124
10476	2516
6030	682
26065	2656
2116	5121
18282	4192
10539	2932
20229	1856
4052	3228
4046	446
6858	1576
10991	3353
2797	1972
2074	725
22920	4639
3209	3191
23403	1232
2043	3851
9312	4001
23424	4963
20599	2584
25057	3239
7713	1984
19234	2410
15912	2257
5621	298
4765	2076
15329	952
281	2589
18488	503
21546	2990
21563	2212
2420	1281
14	5237
21100	3082
3297	4846
22726	666
22462	3058
3849	3998
11670	773
14864	387
9217	2371
18275	4221
19810	3719
13625	4503
25034	2225
20116	1215
10871	2314
5773	823
15399	1114
3347	4856
6161	4591
5444	3364
10153	3118
7309	3395
21825	3602
17878	4196
20148	1408
7485	1285
6300	4607
4382	1228
19062	4645
1962	3776
11626	3991
890	4449
5960	4904
17782	4915
4416	1387
24706	2878
23304	2253
12313	1588
11910	545
2661	1194
10842	3368
3814	3587
23721	700
20959	2930
23939	290
21018	4613
5542	4027
6541	3013
15973	3192
22235	4307
19442	2917
17124	3754
15582	1953
7596	4749
25304	1950
15194	2354
16389	1201
9125	1458
18454	5020
12679	1210
7103	1627
8442	2848
4143	3369
6907	512
10055	284
1658	218
5605	1938
5548	4482
9785	118
2613	4419
24203	3682
15414	2872
2331	4636
11734	2372
26176	2599
19162	3963
19475	1776
22610	504
4213	1702
12660	1265
22605	4970
4983	862
24474	4104
14781	2658
8398	3182
5361	3653
26042	4583
15715	4184
25958	4114
24961	3503
8973	2051
7356	4657
8178	2249
4967	1828
5486	5229
4576	1283
8719	3288
17131	1188
4777	4939
18408	37
25443	2636
22879	3275
5166	1779
9769	2624
10158	65
20947	3052
7534	4674
267	3729
20207	1599
5425	3707
15221	4547
3386	164
15941	1921
11318	1929
10996	728
9907	383
26039	4107
12659	1422
17122	3927
7957	4626
16124	4615
18791	1716
3595	1226
18581	4859
7355	2527
12806	202
832	1795
10879	982
5240	3552
1552	3287
11609	656
24372	22
17935	5125
13711	2608
19906	4793
16128	1648
18605	1934
17306	3354
17843	2611
2054	3286
6079	4797
2917	2581
18194	5005
13388	1564
4966	1432
8305	1367
21379	628
26044	3222
7985	1175
18381	2578
23490	2839
6513	413
25115	4779
396	3262
22415	188
17395	3137
6095	3344
11903	3978
4639	2091
1278	1268
17250	541
193	1338
9639	117
750	3645
17290	3421
8216	3016
24431	964
192	4059
15800	5191
16696	610
13801	871
7769	3333
18455	3545
8049	586
787	4814
22890	3221
10376	2625
3744	4712
14770	4847
244	3141
5995	2247
523	1992
21523	4565
315	4194
7594	2201
17864	3846
1620	374
18066	4290
16521	1163
3594	3461
13013	1811
16818	2822
5827	2015
17163	3267
17721	1335
20511	180
19909	3195
2560	529
5655	2464
6702	1940
5769	1230
11447	1104
6631	2802
10000	1739
7712	61
3730	418
17612	659
135	994
1344	4675
24559	157
187	4433
5359	3129
23616	3579
1073	2569
22433	3473
21665	1424
15200	3684
15160	1589
25611	3944
24595	3459
855	3893
1798	5070
1878	5189
22837	567
10792	4818
5432	4843
15214	3264
23950	2279
23471	4544
17276	3839
8198	2163
12587	1533
7588	4838
7899	1100
12545	951
773	438
23477	2080
3917	1575
25442	216
21288	4410
14661	948
22283	3842
11969	4694
7857	3804
3196	4369
5826	4335
6810	606
8184	3906
3748	5180
8579	3
10310	4
17038	6
19607	8
14924	10
18233	11
1854	13
13056	17
14982	18
19640	20
15959	24
19865	25
896	29
16766	32
20033	41
2655	46
2846	47
17968	49
1375	54
5555	55
5564	56
5787	57
5993	58
7689	60
8916	62
13929	68
23293	77
23770	80
16324	88
18540	93
19791	94
24696	96
3113	98
10524	100
10762	101
16056	105
624	109
6700	114
8045	115
12141	119
15184	120
18719	122
19870	123
20532	124
22527	125
19922	136
26038	137
3316	140
6077	142
5052	159
899	160
2287	162
5346	166
10427	172
10597	173
20595	181
25102	185
10519	191
11861	192
18623	194
7442	200
7450	201
17207	205
941	208
13712	210
23614	215
7926	221
18600	224
20421	225
21048	227
23186	229
2368	234
18511	235
22366	236
1386	238
2566	240
16779	245
25931	247
11785	252
24620	253
20924	258
62	262
2710	264
13276	269
17266	270
18757	271
20243	276
639	278
23458	289
15305	306
18256	308
18619	310
18751	311
18971	312
6823	318
15891	321
17385	322
14003	332
15244	333
18227	335
20168	336
24453	337
24568	338
2501	342
4554	343
14615	348
17187	350
23038	353
21432	364
21707	365
22691	366
22834	367
25053	369
19682	372
22275	373
3922	377
10096	384
11791	386
22426	393
25158	395
4575	397
1838	401
3441	402
5287	407
482	408
15353	410
17979	411
3593	412
25138	415
17944	417
17414	422
17603	423
21321	424
3420	427
45	435
4164	447
4846	450
12365	458
12678	460
12781	461
14807	466
17330	470
19423	474
21012	479
22798	484
25758	488
23387	495
23907	496
25080	498
6082	501
23107	505
17997	522
4146	531
4632	532
7384	533
13164	536
13837	537
16674	540
2115	544
16174	550
1694	555
7209	556
12085	560
16876	564
580	574
22177	577
2049	580
11964	587
16694	589
22457	590
231	591
5578	595
19605	612
2982	614
21910	617
11572	619
950	623
25777	630
1997	635
3409	638
5134	639
9341	640
13060	642
16611	643
18208	644
23628	648
25251	649
2307	650
7991	653
8116	654
10549	655
16946	658
4115	661
13364	664
19215	665
12409	672
3927	678
3939	679
11621	686
19525	695
20122	696
20432	697
22074	699
13615	702
5674	703
16607	705
22601	722
14067	730
17800	732
19080	733
5266	737
12664	738
14558	743
17268	746
14952	761
12492	765
4211	767
6532	768
7104	769
8553	770
11876	774
17808	776
6494	779
6857	780
13556	781
2155	782
8807	790
20052	793
9188	797
12334	799
5136	805
11275	807
14089	808
21699	811
16101	816
22758	817
615	819
11604	826
15552	828
16083	829
12606	836
19107	841
19159	845
26190	847
7893	848
18051	850
7014	851
7533	852
7105	859
9360	864
15144	865
15123	867
21776	868
10825	870
20236	874
21543	875
22197	876
1727	878
10351	882
21194	884
573	885
9800	886
20716	888
22894	892
12763	894
21705	899
11638	901
3827	902
4442	903
14691	907
21125	908
260	913
5541	918
5794	919
6575	921
20934	933
26023	935
13190	939
25469	941
22	942
2341	946
2761	947
17794	949
20954	956
24057	958
3632	971
14497	975
13196	979
11052	983
11925	984
214	987
20315	992
22379	993
1776	995
9184	998
11107	999
12688	1002
16649	1009
19433	1012
19945	1013
18246	1018
25209	1019
205	1027
22336	1033
22721	1040
21831	1043
3076	1050
15457	1069
20574	1081
24718	1087
15081	1089
20660	1094
22609	1097
10983	1101
17738	1102
18790	1107
4364	1110
21287	1116
6421	1119
8224	1121
11696	1122
18745	1125
18758	1126
25698	1131
6351	1133
5175	1136
17396	1138
25850	1142
10657	1144
12130	1145
7042	1147
21994	1154
23110	1160
23920	1161
24029	1165
7811	1166
13411	1169
22269	1172
3890	1174
15316	1179
23470	1180
24148	1181
3164	1183
15580	1184
16393	1185
11613	1187
14547	1191
25272	1193
8067	1195
11402	1198
18109	1202
18365	1203
2059	1206
22372	1208
23095	1216
10041	1219
9283	1222
11053	1231
3618	1237
4952	1239
4446	1249
16881	1256
18210	1258
25910	1262
6218	1269
11102	1272
14991	1273
25516	1274
1832	1275
9397	1277
14344	1278
24163	1280
9389	1287
9426	1288
18983	1292
26170	1296
8715	1300
20065	1302
22476	1303
25572	1305
6804	1307
19624	1308
1958	1309
22556	1315
5061	1316
9937	1321
17289	1325
21165	1326
1078	1330
5164	1331
20129	1343
13740	1347
4702	1348
1407	1354
4552	1356
9862	1358
12968	1361
13142	1362
16967	1364
8219	1370
12665	1371
20827	1374
836	1376
4249	1379
14834	1381
5695	1384
5901	1385
22082	1386
8063	1388
9419	1390
9511	1391
15559	1392
7882	1393
5608	1397
9194	1401
12247	1402
23741	1410
4814	1415
9075	1418
10623	1419
11712	1421
21324	1423
22734	1425
21718	1427
3630	1430
4283	1431
5953	1433
7307	1435
7715	1436
19493	1440
19657	1441
1594	1445
9030	1450
18042	1454
25056	1457
15943	1459
4023	1460
1229	1465
16331	1466
17911	1467
179	1472
1829	1475
4458	1478
8387	1481
22464	1488
25204	1492
6064	1494
16575	1497
5109	1499
8862	1503
8254	1506
12155	1507
17379	1509
2465	1510
2592	1511
21560	1517
6627	1520
18676	1521
24114	1524
3561	1529
7069	1531
14638	1534
16931	1536
21723	1537
24587	1539
1711	1545
2915	1547
17359	1550
19022	1551
23558	1552
17245	1554
17443	1559
12739	1563
13310	1566
1350	1567
18037	1569
12478	1578
18398	1580
21806	1581
17248	1591
1280	1596
1014	1600
25902	1605
5366	1608
12627	1614
12386	1621
16888	1623
22765	1629
21615	1632
2255	1637
7324	1640
8365	1641
9023	1642
14746	1647
20000	1651
23302	1654
14181	1659
20257	1660
16801	1662
124	1664
2789	1666
3765	1668
7154	1669
14319	1671
15663	1672
18788	1675
8376	1679
13067	1681
8876	1682
18141	1685
3990	1688
4080	1689
13346	1693
14932	1694
20373	1699
7045	1703
18297	1711
19781	1712
2165	1718
14430	1721
197	1725
18088	1730
14403	1735
24248	1737
19219	1741
19557	1742
24762	1747
21544	1749
10490	1754
14377	1756
25378	1768
15972	1773
22790	1777
25228	1778
12639	1780
2783	1783
19350	1785
1006	1787
16010	1789
24060	1791
25419	1794
24841	1810
20303	1824
4104	1826
8471	1829
22109	1836
16270	1840
6815	1844
3293	1847
8505	1849
25710	1852
4775	1853
11093	1865
9127	1868
23299	1869
11806	1870
19110	1871
11400	1873
11630	1874
11700	1875
12268	1878
16495	1881
20169	1883
23552	1889
23806	1891
25562	1893
1321	1895
1877	1898
2042	1899
3312	1911
24753	1914
16877	1922
12720	1932
11490	1941
22555	1961
8231	1966
9616	1967
25827	1971
2532	1977
8157	1982
19052	1985
16349	1989
11788	1991
5464	1993
18008	1995
13653	1999
22599	2000
10620	2004
12110	2041
2306	2042
1896	2044
6838	2045
2504	2047
9922	2048
5673	2056
16717	2058
8074	2061
15127	2063
17754	2064
12187	2066
7087	2067
20902	2074
6524	2077
8666	2078
6442	2081
17681	2083
2087	2086
6271	2093
7013	2095
24617	2113
18209	2121
11939	2122
22979	2126
18772	2134
12296	2138
5355	2139
21322	2142
22265	2143
19809	2148
3037	2153
10801	2156
17990	2158
19146	2159
22699	2160
12040	2161
17249	2162
7463	2165
12786	2166
5849	2170
15799	2174
16511	2175
21297	2179
2326	2180
19023	2184
19379	2186
6266	2188
26088	2189
2072	2190
7475	2195
21130	2202
2202	2206
22371	2214
3996	2219
10555	2220
15850	2221
23513	2224
5851	2230
3430	2239
17746	2242
22439	2245
22611	2246
19806	2252
17158	2260
21389	2265
272	2269
2394	2280
20618	2281
8708	2283
9485	2285
10435	2286
24140	2289
8737	2292
24402	2297
2607	2304
3450	2305
5130	2306
5835	2308
20184	2313
7449	2316
6913	2320
4760	2323
17189	2324
16513	2327
25480	2330
17089	2331
19454	2332
6832	2336
5488	2339
5597	2342
6183	2344
8854	2345
23836	2346
9647	2349
18158	2350
21864	2356
10543	2370
21608	2373
11821	2376
16013	2377
23503	2380
6427	2384
18677	2386
25854	2388
22989	2393
13651	2396
8069	2397
24	2399
15066	2401
15829	2406
17670	2408
18612	2409
19724	2411
9392	2413
16469	2414
24252	2415
3944	2416
449	2417
12491	2418
14079	2421
12054	2428
7090	2430
17665	2440
14619	2446
8976	2447
3204	2453
19060	2459
2771	2463
11841	2467
16067	2471
12849	2474
13191	2478
17559	2479
3265	2482
13199	2483
15479	2484
23204	2489
19927	2490
122	2491
6530	2492
6911	2494
15971	2495
22224	2497
13813	2500
19206	2502
20344	2503
7024	2505
2474	2514
6746	2515
5259	2526
24589	2534
5767	2537
15206	2539
21317	2540
10956	2543
11602	2544
20616	2546
8547	2548
15608	2552
1059	2554
6154	2555
7725	2556
20536	2562
10552	2565
18399	2571
22523	2574
6156	2575
3916	2594
5729	2596
2356	2600
4433	2603
8134	2605
16475	2609
16899	2610
23409	2614
12874	2627
15325	2630
23149	2634
4301	2640
21712	2646
10501	2650
13029	2651
23267	2663
18250	2666
19356	2679
6904	2683
18271	2684
19462	2688
12074	2692
16754	2693
20014	2697
20089	2700
25358	2701
19723	2704
24885	2705
9732	2706
3547	2709
13369	2711
15821	2715
9066	2717
15175	2719
16265	2720
10918	2725
15571	2728
2806	2730
21203	2740
19710	2742
4032	2752
11495	2754
165	2756
293	2757
3228	2758
183	2761
9946	2762
1028	2774
9924	2776
24489	2784
10183	2788
16624	2790
17923	2793
24240	2797
1029	2809
14500	2825
12866	2827
21635	2837
4793	2842
22964	2847
10412	2849
21220	2851
3119	2852
14316	2853
1124	2858
5739	2860
22028	2862
1267	2864
3321	2868
3843	2869
10247	2871
18215	2881
19248	2882
13970	2884
7091	2890
14707	2891
3099	2895
4468	2896
11011	2900
13971	2901
20552	2903
20553	2904
25180	2907
25785	2908
95	2909
75	2912
14933	2924
10655	2926
10388	2935
1497	2938
14414	2948
8523	2950
13749	2951
1098	2957
11379	2964
14324	2966
7584	2972
17382	2974
10850	2975
140	2982
18587	2986
19404	2987
3007	2988
12611	2993
17208	2995
16853	3002
23135	3009
8195	3015
15951	3020
3073	3032
17240	3034
24280	3039
20261	3055
24002	3056
23653	3057
16278	3061
2169	3063
5938	3064
19078	3080
10352	3085
20030	3090
6543	3093
24341	3095
3193	3099
22815	3102
9491	3104
11293	3105
11405	3106
15196	3107
15938	3108
17126	3109
80	3111
15209	3119
15669	3120
17984	3121
22436	3131
24034	3132
22375	3139
20892	3150
3188	3152
3292	3161
10391	3162
2352	3163
13664	3167
16940	3169
3826	3172
22239	3176
6033	3177
8155	3179
24204	3181
10468	3184
24765	3194
8596	3202
13635	3203
17848	3204
2124	3208
13604	3217
10081	3224
20173	3227
11808	3230
3685	3234
23870	3236
25229	3240
17467	3245
6175	3255
9890	3257
17981	3258
24332	3260
22954	3268
9267	3278
20053	3281
26168	3283
1599	3284
25783	3298
13389	3305
15960	3306
5862	3308
7592	3309
7959	3310
8179	3311
6583	3314
23883	3317
4781	3318
19697	3319
25668	3320
11967	3324
2443	3328
8625	3329
15977	3334
13702	3336
17099	3342
25236	3346
25870	3350
10004	3357
25234	3358
2342	3359
19964	3361
4847	3367
20554	3373
12411	3384
16803	3386
20515	3391
12263	3400
5519	3401
22830	3406
10186	3411
2350	3418
9634	3425
13932	3430
20345	3432
9128	3436
9974	3441
19877	3442
20495	3443
22738	3448
19501	3452
21592	3465
18764	3472
21177	3474
18171	3475
6943	3479
12112	3482
21858	3485
16155	3494
19903	3498
4371	3508
15998	3509
1404	3514
18552	3517
11537	3538
23476	3542
23175	3549
3980	3558
4069	3563
9090	3565
2184	3569
23866	3570
9913	3572
6081	3576
7281	3580
17581	3632
15898	3633
8457	3636
23623	3641
19641	3646
26058	3652
20078	3660
8437	3664
11066	3670
1353	3679
6280	3683
16505	3687
20255	3688
21450	3689
24970	3692
839	3695
7098	3696
12642	3697
7695	3701
24161	3712
25069	3716
23248	3721
26193	3722
19801	3723
65	3724
6632	3730
14345	3732
9391	3733
3185	3734
20547	3736
7885	3738
9758	3741
2879	3743
7854	3744
199	3747
16935	3748
25598	3757
25661	3758
20775	3762
19051	3770
1025	3771
4425	3777
7278	3778
9248	3779
16703	3783
12042	3791
22766	3796
25114	3805
12614	3806
10640	3807
7311	3813
13990	3815
2339	3820
13497	3823
11829	3826
20513	3828
9103	3829
25864	3835
25962	3841
14353	3849
5156	3853
12707	3856
8626	3861
8428	3864
6918	3868
20636	3870
12312	3872
369	3875
2073	3879
23064	3880
11502	3881
12158	3882
19256	3883
16266	3888
21695	3892
17595	3898
8443	3899
10346	3901
19383	3904
16819	3905
17818	3911
2997	3917
13490	3920
25440	3923
5363	3924
253	3925
10317	3929
17453	3935
6012	3938
17015	3942
21314	3946
6744	3950
6737	3951
17986	3953
12930	3959
8704	3960
4380	3965
4641	3971
23300	3976
12749	3984
14771	3985
598	3994
7010	3999
19247	4005
8728	4006
3136	4007
14869	4008
26130	4016
938	4018
7638	4022
5829	4024
25526	4026
14747	4028
13311	4038
12703	4045
6867	4061
14550	4068
19739	4069
17502	4071
21149	4110
23418	4111
12046	4116
19126	4117
15387	4121
8857	4129
23216	4133
10906	4135
11616	4143
19560	4146
14843	4151
13832	4154
18613	4156
9832	4161
8801	4168
25891	4173
12745	4177
21293	4183
5395	4188
6859	4189
9441	4208
4242	4209
14841	4210
8118	4212
15802	4213
14170	4216
20414	4217
9074	4219
12425	4220
16486	4236
2003	4238
3431	4240
376	4242
2611	4243
18278	4248
2666	4251
3772	4256
5144	4258
24852	4259
8869	4260
299	4261
14174	4262
22051	4264
5661	4268
16608	4270
19507	4275
10438	4287
18624	4288
10684	4294
4018	4295
21101	4299
1048	4306
10338	4308
7523	4309
19378	4314
161	4315
21821	4320
24816	4326
15913	4329
15150	4333
23464	4346
15007	4348
25449	4350
11462	4352
21531	4359
12414	4361
18562	4362
17588	4378
25287	4380
6354	4385
6973	4399
3967	4404
5626	4406
3516	4412
13144	4415
1662	4418
8731	4426
15187	4429
3383	4430
18218	4440
4835	4444
23492	4446
15706	4454
3195	4459
24597	4460
19956	4464
25219	4468
10897	4481
5577	4487
19520	4490
23084	4491
800	4499
2303	4506
18098	4511
1695	4513
26092	4520
21310	4521
23416	4530
17854	4532
20157	4541
25839	4552
510	4553
8404	4559
5271	4571
7597	4572
14384	4582
17951	4584
4426	4587
4826	4588
17178	4596
23215	4597
13022	4605
2117	4608
15609	4610
1174	4611
24334	4617
18895	4627
14621	4629
17461	4637
21579	4641
10880	4647
3851	4648
10432	4651
2624	4654
15572	4656
8811	4658
2332	4660
15642	4664
7536	4673
18126	4676
16718	4692
1292	4699
10936	4703
15668	4708
24133	4713
10679	4716
115	4717
9053	4723
1589	4725
18034	4734
25444	4736
3388	4738
14502	4742
8372	4754
6884	4762
20803	4766
8058	4770
9867	4774
25663	4776
25510	4784
25176	4786
19257	4791
12121	4795
16338	4800
3844	4803
4955	4806
2215	4817
20422	4820
11037	4833
6669	4836
7590	4839
23461	4848
17936	4849
3362	4855
21593	4860
11028	4871
1187	4874
18144	4887
18151	4895
22645	4896
7572	4898
18231	4916
24272	4920
4278	4925
2304	4944
25596	4952
18390	4960
24504	4969
21623	4971
7479	4972
25482	4979
20216	4982
25062	4995
8185	4996
14358	5007
13717	5009
8676	5011
13620	5024
18036	5032
14175	5034
5387	5037
1983	5041
7109	5050
12751	5051
14338	5075
19466	5077
19553	5097
25447	5098
19892	5100
20320	5103
14990	5104
11718	5112
4181	5128
8409	5130
11579	5132
23094	5154
8472	5156
18608	5161
6776	5170
11215	5175
2749	5195
22938	5202
20333	5203
10407	5206
4116	5220
6282	5232
3466	0
5233	2
15931	5
18720	7
8589	1771
19090	1775
24582	2205
1356	877
495	45
339	108
1405	2707
25346	487
8408	1557
3372	445
24955	486
9713	419
11868	421
6864	220
23214	230
13322	303
4766	1134
1982	1476
17275	414
930	2321
16708	1329
8718	685
2239	891
21583	603
1265	1245
9980	1253
18001	2329
10719	3470
302	1936
23145	842
17337	1740
19517	2392
25225	1470
19703	2753
19527	1350
78	1504
11444	1643
21613	1661
15617	1723
25904	2644
284	2383
4825	3628
9593	3629
3511	2889
16225	3650
15568	3266
21433	3297
9514	3271
4141	3277
17755	3280
8037	4628
4836	4631
14157	4093
2136	3933
11009	4540
21344	4542
22990	4543
17785	4918
11032	791
20702	1469
16589	1636
16230	3553
18628	4917
