4278	4925
9735	1137
1025	3771
17825	3226
14170	4216
20129	1343
11617	3433
17392	2378
21823	2288
1048	4306
12801	4884
24002	3056
22574	753
500	2689
25526	4026
4485	3887
18522	3186
2568	2894
13493	1714
6888	3918
24453	337
19219	1741
23863	2615
22738	3448
21554	1571
4458	1478
24133	4713
4442	903
16498	349
4512	712
8146	4479
19404	2987
8864	3606
16783	4663
25903	1910
14009	930
18600	224
1879	4035
21191	2832
11401	924
17414	422
16511	2175
18920	3078
10338	4308
19703	2753
7522	1299
10879	982
3967	4404
22837	567
23683	1838
18052	1674
124	1664
18030	3637
811	866
14345	3732
3683	2745
23134	1241
18905	2211
14176	1720
23858	4064
12373	1360
11626	3991
12645	3385
24163	1280
12291	1974
1662	4418
12512	5059
18152	3337
10926	534
13635	3203
7042	1147
6944	1264
12786	2166
12781	461
2212	442
5408	893
3056	1638
10004	3357
3062	4600
6056	624
3877	2012
11539	4892
15248	3900
28	4562
22901	4103
12307	5035
23137	2695
5404	5072
9968	3462
7010	3999
11878	3654
17294	775
5767	2537
17015	3942
22426	393
25718	3377
10711	385
3988	4003
24706	2878
5232	5240
6533	3178
4199	3831
2474	2514
6857	780
1695	4513
19575	5185
5367	2033
14371	3154
9504	3130
9074	4219
22790	1777
8891	5167
5695	1384
21491	392
10247	2871
17443	1559
372	4988
25107	1411
17393	2509
15160	1589
22811	1886
25571	3363
17419	2601
5672	739
12380	370
14282	3857
10153	3118
23476	3542
24454	2696
21710	5150
14628	752
13067	1681
12492	765
23776	2284
12337	103
4258	1395
10555	2220
1107	4398
9710	86
26141	1229
23687	4706
20332	4759
7446	3345
3185	3734
21032	2422
23665	1655
2982	614
9075	1418
10996	728
15912	2257
10499	4691
13142	1362
15770	2141
12503	641
8386	3731
5216	3420
18677	2386
15669	3120
8116	654
1186	554
14344	1278
8376	1679
163	622
19012	2273
628	4283
15614	1150
7726	2129
12130	1145
3292	3161
7855	1862
6315	3852
22278	2522
2118	3836
7071	3014
17932	830
9450	2309
11638	901
17848	3204
5444	3364
23084	4491
20924	258
373	4640
3409	638
5851	2230
18924	106
13641	4285
16415	3050
23240	3557
7309	3395
24330	2296
15322	2818
9151	3914
25205	316
24959	1958
25668	3320
14286	2276
22993	3301
9327	3183
6427	2384
22476	1303
9133	381
17021	2391
13815	4332
7863	3201
19019	1313
4371	3508
21816	3151
17472	1954
9208	3524
2784	3708
25204	1492
22483	756
6810	606
10376	2625
11557	2454
23811	5188
15249	3232
17750	4162
2710	264
18271	2684
16015	5201
3323	2191
18582	3138
21588	1394
20000	1651
13529	2773
3066	651
24582	2205
12386	1621
16264	1403
15108	1363
13741	3291
10726	2155
19866	4670
22395	3282
18739	955
15962	5099
6364	778
21530	3468
15235	204
19015	4205
8579	3
5995	2247
5228	5159
24456	963
11898	2777
17681	2083
10517	4745
25996	1271
13010	2164
20808	1624
14369	3330
13740	1347
14818	87
13526	4092
385	1750
19964	3361
9337	2937
18233	11
4018	4295
11197	4450
10113	1143
950	623
21825	3602
14385	1279
15206	2539
21287	1116
8067	1195
23394	1717
25443	2636
4426	4587
12118	150
21583	603
14711	3640
4254	2936
14094	4907
8976	2447
20106	2367
18719	122
1010	5194
8053	249
18276	840
3772	4256
3876	2991
14346	2712
9937	1321
20002	2967
9335	2203
19493	1440
22748	3480
6858	1576
6434	1586
7926	221
4433	2603
1658	218
24762	1747
18771	4507
16335	3079
4966	1432
14599	931
7648	4023
23351	1522
21660	3973
205	1027
19560	4146
9869	1061
21310	4521
281	2589
5227	2347
23939	290
18669	4669
6009	1250
23693	1490
5812	1585
21089	1905
10878	3543
19557	1742
7247	3824
18560	3231
9095	3218
2341	946
1858	711
23836	2346
8968	1788
11801	1359
17968	49
16872	1758
17385	322
11009	4540
8263	4115
824	439
24860	2229
4080	1689
19244	2713
14370	1802
20645	1705
10907	1496
20599	2584
8045	115
26173	2980
12290	4555
19179	802
1281	4374
19451	4953
8177	3198
20915	889
12691	688
25388	2382
11806	1870
13614	52
21316	74
12141	119
16338	4800
4069	3563
16647	2631
25582	1306
25598	3757
9597	4047
26005	3423
22324	4102
16584	3704
18375	1864
17178	4596
6666	3952
22961	4792
7277	31
19013	1293
1405	2707
16506	1031
7594	2201
352	2218
19168	872
19609	895
14051	2209
19206	2502
14560	3781
1347	1951
19657	1441
19446	1077
16505	3687
1595	339
22523	2574
19325	1592
22507	1314
25958	4114
23714	2970
782	4891
11840	2272
16353	4832
12369	3173
15600	2551
14982	18
9907	383
18628	4917
6073	2795
14844	4312
9629	3117
5271	4571
16576	1764
16899	2610
21592	3465
5209	1602
8851	814
2004	2831
11979	2803
22645	4896
888	1518
12085	560
23530	4148
9647	2349
7632	4215
9764	1799
20373	1699
10478	2983
6077	142
3194	2764
6305	2128
9313	1059
12106	3392
7882	1393
18899	1812
16068	3244
22197	876
13955	203
7727	3876
10896	887
21221	4231
15999	3597
16803	3386
22839	1837
3441	402
9980	1253
4515	822
11372	1924
19080	733
11821	2376
13029	2651
16831	2433
17882	4118
15568	3266
20947	3052
25631	4933
19941	4798
19387	1242
19879	4735
22245	2258
14379	2098
365	592
8372	4754
17275	414
2452	4436
11640	1333
7324	1640
17599	2496
25904	2644
380	3658
11194	2173
22766	3796
16888	1623
5468	4730
20230	1857
18000	4100
18587	2986
12641	2116
13616	3263
25684	1218
11416	967
22899	1851
6776	5170
16770	33
8128	3440
5434	594
6707	2493
15200	3684
17692	472
3231	506
375	399
4428	2435
2455	3848
4195	1530
16429	2945
5411	1978
25676	4182
2326	2180
7534	4674
3372	445
13283	4063
16270	1840
18790	1107
13032	663
5130	2306
1488	988
4241	282
12460	4311
20066	3428
4259	5054
12263	3400
13749	2951
19501	3452
8118	4212
3845	2746
10148	4539
19932	3833
8200	2806
18721	4442
1058	1825
25870	3350
376	4242
15681	4621
22457	590
9732	2706
12612	4157
2202	2206
25250	2448
19358	3578
22000	4685
20003	2312
22876	2412
18517	71
2001	2519
6642	2119
11032	791
715	2475
15214	3264
8973	2051
12733	403
23514	2032
18633	3677
3502	1248
15007	4348
11112	2005
6095	3344
14709	1238
409	2513
19144	2035
4750	4149
23689	1523
21154	2943
21811	3490
20534	315
15396	4940
2249	139
10956	2543
17426	1526
15657	731
8261	514
18222	1115
20766	5111
12551	4377
5052	159
12070	1942
1194	3484
25383	3356
2200	788
379	1493
23066	2824
10388	2935
24034	3132
2556	804
18141	1685
16358	4937
6160	1770
26132	3837
142	4992
7444	1056
23403	1232
9264	1525
15010	1067
20526	3478
1026	3772
4128	3786
23812	5218
19678	3531
6010	2999
24845	1204
3074	4529
17778	809
12155	1507
22108	3375
23907	496
21621	4292
18455	3545
3076	1050
12637	701
16608	4270
5246	99
4213	1702
7590	4839
16224	3710
5225	3134
3279	4785
12545	951
15420	4170
7278	3778
25159	3910
1669	4044
24141	5157
18984	4432
19936	3834
18066	4290
20046	2456
8824	1190
10468	3184
851	2480
5166	1779
15942	3567
18720	7
4182	1903
6611	143
9964	2390
11924	905
25856	3915
8340	2427
2044	3626
3744	4712
20543	4366
253	3925
16719	3526
82	4802
8179	3311
19314	5222
23256	1442
20345	3432
18256	308
4631	2690
8443	3899
17135	1882
21389	2265
4771	295
9517	1872
23168	3797
10847	4538
4102	2598
21550	4030
14033	3352
7447	1798
14498	3018
11892	1704
2116	5121
16730	1806
11113	2661
24371	183
15609	4610
7536	4673
3033	2887
598	3994
16280	3609
12049	2973
20391	1846
20008	50
16087	3250
20255	3688
10672	5058
3507	3454
2530	1048
8475	1549
11012	4469
8069	2397
8077	4606
2072	2190
21165	1326
11572	619
8523	2950
4989	1479
8969	4604
17564	3316
14976	2781
2303	4506
22031	4239
3430	2239
24575	4909
17937	3972
15209	3119
7014	851
4685	3043
18105	2602
16109	3709
6702	1940
13677	4876
15082	985
24932	1508
14843	4151
11537	3538
20084	5047
3136	4007
4181	5128
19520	4490
7104	769
21177	3474
6905	2192
14854	1949
5993	58
25957	4113
10898	4372
22765	1629
321	777
18549	178
3916	2594
11944	2944
21707	365
19090	1775
22366	236
4276	4677
20217	195
21149	4110
16235	3608
5575	2787
4588	1447
25674	3246
25589	1162
6675	1399
312	4108
11844	3745
21379	628
3312	1911
3442	3674
18013	2511
12046	4116
16230	3553
19145	5039
23300	3976
4354	2013
23488	3619
25470	4851
9979	4483
2980	593
17587	5174
23806	1891
19060	2459
10163	4376
19922	136
2783	1783
10391	3162
17039	2861
20053	3281
22421	646
17823	4098
4793	2842
1321	1895
11899	2606
10432	4651
14003	332
5067	510
187	4433
21344	4542
22693	1158
20528	3635
16340	5210
18195	3775
12507	1063
2144	3581
7039	3303
1860	3500
15596	3076
23637	78
22721	1040
3418	1667
11215	5175
13862	2294
20940	3763
20782	3413
10158	65
23363	647
19011	4764
10679	4716
17330	470
7861	4465
9135	3568
2803	1502
5267	4570
8122	2623
22320	1809
11719	2451
16729	583
3964	4296
9518	4936
14698	2287
7053	4413
350	4180
5826	4335
1310	237
1520	1519
21469	2379
18688	5055
20383	3070
11607	2197
5570	3098
11631	3690
6388	3588
6266	2188
11929	4179
3937	432
3412	1414
5427	2772
3200	4781
24753	1914
7245	844
9273	84
9038	5148
10919	2550
1997	635
1267	2864
11227	3017
13415	5136
21695	3892
15706	4454
4724	2335
4263	4187
11788	1991
10496	2732
15668	4708
20532	124
93	4269
11610	2921
20432	697
17173	4247
17503	5181
16523	4880
8823	517
14302	4842
20654	5088
16892	4601
12040	2161
6079	4797
5661	4268
4141	3277
20248	3008
4760	2323
12458	4310
8871	3122
18126	4676
17076	3896
25910	1262
15947	3575
1174	4611
19810	3719
22433	3473
18144	4887
20108	476
8148	1577
2624	4654
12017	3958
11664	4214
5828	4357
11325	1930
1656	4355
17075	1464
2457	2087
5156	3853
9713	419
9639	117
11493	1912
3052	2680
21635	2837
12161	3962
6973	4399
23758	1656
18397	152
19247	4005
22189	1885
18282	4192
24888	5152
25777	630
1383	4934
24878	4486
14372	1266
11403	2365
4038	5186
7597	4572
23465	3993
1878	5189
1265	1245
14781	2658
18870	1485
8147	4142
25286	861
25959	1786
11808	3230
8738	5022
22284	2030
2870	1959
71	4273
3547	2709
10055	284
4353	1917
17277	2120
17854	4532
3420	427
23204	2489
22503	4235
22834	367
22269	1172
1322	3241
17951	4584
11411	5080
21634	1743
6159	4484
25614	4709
25854	2388
6532	768
17751	716
20635	478
23471	4544
11066	3670
18051	850
360	4943
20660	1094
8178	2249
22371	2214
19023	2184
22848	890
24252	2415
6172	323
15625	1105
12675	1819
17121	4050
12308	835
18605	1934
19939	1079
24734	2442
6176	3765
20434	4390
3526	3209
1280	1596
6307	5052
6503	3700
18778	1075
12158	3882
9127	1868
12262	2778
6544	2017
20315	992
19502	5179
20779	2318
24169	4324
7055	4592
15846	358
15189	3596
11971	4922
10341	4701
21998	3362
19927	2490
20850	257
12618	4414
2926	2657
8193	1763
2287	162
1833	3197
14351	1029
8185	4996
25201	131
9414	4297
1620	374
13932	3430
17612	659
22462	3058
18283	3126
16598	3967
12968	1361
20511	180
2666	4251
6421	1119
1941	356
2654	97
9634	3425
7007	789
12071	3665
23577	127
6226	3760
9066	2717
751	4020
16649	1009
22502	1034
5577	4487
24009	27
5061	1316
1248	1745
1293	4074
19801	3723
1343	1726
24595	3459
14662	4144
8398	3182
19454	2332
5601	2343
11733	1876
21657	261
6008	4392
24620	253
8058	4770
15786	3210
24431	964
10841	16
15821	2715
7985	1175
18909	3540
1796	161
21027	853
23901	2468
4641	3971
19675	1486
4775	1853
25053	369
18278	4248
20035	4984
15172	3407
9439	1495
25783	3298
8054	4968
3684	4387
12676	4844
8255	4910
13371	347
5957	141
11125	2557
23775	4470
3819	2810
2959	914
21184	3698
7584	2972
13556	781
14123	320
23920	1161
12863	4959
14534	897
10456	1167
16779	245
20328	4271
15316	1179
11077	1155
299	4261
11903	3978
5483	3546
4575	397
19923	570
21560	1517
25387	4132
4983	862
1668	4443
5417	3827
17266	270
10446	3678
8195	3015
7096	3589
24272	4920
2133	441
11841	2467
4878	3321
17134	3617
2250	292
10056	4976
13628	4756
15523	1090
16265	2720
12045	1658
19806	2252
9659	980
9722	3525
21930	1956
2532	1977
17126	3109
7094	4397
20805	5183
14842	4911
6443	3832
22920	4639
12874	2627
18388	5087
16976	1590
17984	3121
9265	1514
20065	1302
21650	1032
18623	194
22105	2423
8134	2605
2592	1511
8710	755
2762	4041
25698	1131
21638	3444
16471	2641
13220	582
19900	1650
11602	2544
7013	2095
16728	4966
3858	2400
16741	176
1915	2940
17935	5125
15799	2174
20182	2183
17874	2124
17194	2760
11148	559
25069	3716
9441	4208
24728	4040
6583	3314
16357	1850
1821	4434
15708	2101
19705	3599
21156	1906
11622	4423
23986	1295
8307	4946
23855	21
6735	4739
8448	4088
8932	796
6316	3206
11700	1875
11964	587
13970	2884
23772	5139
16040	3794
17114	4222
9092	1482
23713	3466
15161	3767
6859	4189
7023	2096
8184	3906
7105	859
14353	3849
18227	335
921	1933
11216	4331
2307	650
20783	2547
8446	2043
9184	998
16858	34
7479	4972
13713	800
23916	1612
23864	1261
9149	4888
18723	1233
12802	4090
14132	5063
10024	2082
7911	2070
12971	223
24202	4655
21684	4322
20668	4139
4488	4051
834	3096
19475	1776
9426	1288
19444	4206
939	3164
10910	625
10354	2208
7025	1041
10381	1035
1600	2835
24696	96
6337	1793
18337	309
18174	1227
6356	4767
21162	1907
14159	4257
8310	3656
14424	2687
23880	803
11604	826
14865	1920
15829	2406
16262	1832
12320	4400
1793	3968
25977	3974
17933	3858
3983	1902
5773	823
5240	3552
9224	5012
17878	4196
6291	4623
21931	525
14093	1879
15353	410
7854	3744
773	438
10039	608
624	109
24148	1181
11528	4232
15882	3410
5402	3574
12654	1342
16754	2693
18235	177
2789	1666
5843	3388
5060	3088
12709	2674
19162	3963
20316	2133
5529	3265
23710	4760
23154	4202
25565	735
24705	3062
4383	1276
23146	4302
26167	3405
21303	5000
23241	2111
7533	852
18658	2676
9130	5192
6185	3415
161	4315
18648	552
2536	3348
6815	1844
24444	28
18034	4734
15898	3633
17850	361
8476	2933
17163	3267
5660	4689
1969	5155
2656	3780
18338	5033
24174	3146
7459	59
8395	5106
4650	3143
11746	1168
16131	3607
19014	4908
7592	3309
12406	736
14174	4262
20576	1082
19641	3646
19724	2411
17290	3421
17228	1774
24699	2791
743	820
25060	527
25435	2638
12414	4361
19215	665
8156	3396
16310	19
2475	3190
11459	3862
14414	2948
10463	2240
15583	4919
284	2383
6218	1269
4422	2525
2561	5153
6494	779
5505	2328
23967	207
10133	4439
9773	798
10524	100
9255	1301
17581	3632
9755	301
26178	1267
20683	810
5545	3189
5352	2595
19895	1407
17997	522
16128	1648
23454	2863
18603	3866
1346	3932
15665	4056
20331	3644
25226	4901
22937	604
19313	3456
18622	693
25839	4552
8541	2775
17991	2643
4144	5016
12704	4467
15580	1184
1736	2685
20827	1374
546	132
6828	1025
17590	1453
10842	3368
15181	4635
21314	3946
19945	1013
14543	4230
85	3476
6031	2582
20803	4766
4896	1396
11495	2754
24733	5171
1560	4683
15814	92
18782	3307
15218	4625
20597	288
21596	4662
5260	4046
16800	4498
19956	4464
23470	1180
12852	2530
5363	3924
12868	3339
25516	1274
25601	82
13520	1004
16751	3214
8854	2345
19149	285
24128	5079
6482	1207
17309	1573
24592	2588
16485	2577
4052	3228
17543	1990
18971	312
6530	2492
10407	5206
15306	744
24183	3512
21563	2212
7209	556
14020	2193
19997	391
10590	834
9765	5122
16589	1636
10637	3865
24210	3981
27	4336
11093	1865
7093	3135
20089	2700
22900	76
882	2885
192	4059
18238	4938
15383	976
11868	421
13422	1988
8520	3086
5162	3676
25437	910
74	5141
25050	2662
12660	1265
6579	4550
26092	4520
2355	4466
8474	5116
4625	2929
22224	2497
24477	1839
19048	2182
4068	1319
8731	4426
21663	2833
14165	2576
25852	4780
3174	3379
18447	3261
13311	4038
5787	57
13664	3167
3345	2238
2081	749
7356	4657
6556	2759
4283	1431
16718	4692
115	4717
23730	3414
1013	4763
3716	972
5107	379
15409	1124
10684	4294
18065	620
17843	2611
17859	1240
16703	3783
5548	4482
22184	272
20562	477
11792	2431
19711	1092
17127	3372
8888	1680
9983	2299
13034	4796
16611	643
10445	3685
10719	3470
12701	1781
22253	3785
16655	4894
3595	1226
25492	5068
2239	891
6632	3730
21024	4594
15687	3902
1403	1528
15528	627
15479	2484
15485	4501
23093	3053
2201	4867
4960	1947
13604	3217
10435	2286
17754	2064
2991	1727
6465	317
24957	4407
8299	1728
12149	1341
14339	5162
11108	4021
13480	1603
4264	4782
15006	1803
19548	4885
19463	2027
20616	2546
16554	2476
23647	79
20184	2313
3362	4855
16609	4987
12252	4666
23303	4568
4110	4879
8428	3864
2949	431
24149	3147
20960	2816
1967	4695
16643	4983
19466	5077
12260	2913
4975	1821
20059	1366
21322	2142
5210	1053
2938	4858
10352	3085
15538	588
5407	112
24640	3042
2922	2001
5626	4406
18159	3668
6884	4762
6913	2320
18001	2329
19101	2053
17286	1558
9943	1148
925	4185
1787	91
5717	344
7991	653
13929	68
16129	5143
4164	447
17861	3997
4146	531
14500	2825
25408	277
24295	426
15194	2354
23946	3943
3411	2434
7485	1285
5441	1416
7853	2780
1425	856
12472	1645
21333	3399
140	2982
13995	1220
7350	357
16755	1565
3852	4422
1519	2637
17339	1091
11410	5014
9717	5066
10130	428
11034	3471
20086	3081
2846	47
8629	4618
9924	2776
25486	1352
11579	5132
4250	2963
23918	2267
7357	2018
8732	1690
113	3036
3452	3460
12112	3482
12032	2445
5533	3718
25487	4534
6012	3938
18365	1203
4355	1051
19246	2026
5503	1979
24943	1817
21615	1632
8589	1771
7595	4211
23227	1117
14627	398
15712	4697
21546	2990
20776	4456
23416	4530
25531	5234
22741	2031
22605	4970
8280	714
10967	3293
10602	5182
19525	695
1353	3679
8031	3029
25056	1457
5261	5231
10657	1144
7091	2890
4704	4167
9922	2048
2487	4642
17690	4354
19356	2679
19064	4942
19301	3127
12135	1001
19248	2882
6190	2362
12504	4724
21515	4564
19954	1170
9863	3007
11842	4358
19978	3338
13864	3343
3449	409
8671	4719
22966	667
25034	2225
5211	4870
7895	2039
6179	452
6823	318
20427	734
22980	5036
2720	241
12338	5190
9018	4279
23441	1130
20344	2503
1834	3165
10180	5173
12627	1614
18231	4916
11223	102
20716	888
8457	3636
3450	2305
4550	965
20479	3296
7588	4838
25125	2931
25102	185
17994	3873
4766	1134
2420	1281
15685	1880
20787	2799
844	4448
6387	2094
17800	732
4249	1379
23723	2118
21594	4575
18209	2121
12735	2340
15435	2559
11285	4515
25557	1892
12745	4177
26098	138
16568	2517
9721	64
2450	637
15159	174
5564	56
22527	125
22621	1157
5087	4019
22285	4554
23092	2368
18379	4043
20647	1373
18972	3426
15196	3107
17950	3185
15191	3669
23559	962
2185	1616
5848	1480
23138	2054
11662	4906
1817	1606
19423	474
11923	2079
6446	4746
2120	1983
7888	4010
11965	4200
1862	2763
12710	1064
6610	113
13174	2006
21653	2194
9397	1277
4364	1110
16013	2377
3466	0
5542	4027
20813	3799
9831	5085
13008	815
11427	4218
6629	3449
17665	2440
25228	1778
24127	3986
19911	4533
16971	5158
16041	3349
20030	3090
17595	3898
1023	254
25554	4034
3113	98
22816	5163
23944	3253
9769	2624
25316	396
15974	3315
16513	2327
22083	4125
7717	299
4211	767
12166	3304
2127	2405
10522	4927
5634	217
19084	53
16749	2654
23809	3913
17592	3077
18408	37
6825	881
15081	1089
3524	2473
22793	723
2356	2600
16475	2609
25319	1026
4656	4566
2394	2280
4554	343
24559	157
18783	2902
22989	2393
15880	1438
22728	2918
24870	3073
20959	2930
15715	4184
12051	3591
21171	4872
2630	1731
24280	3039
1078	1330
836	1376
8308	4409
5266	737
15125	2850
16110	4015
20536	2562
492	3519
17235	3207
25569	2462
13385	1630
12751	5051
7109	5050
18095	717
1508	1843
6774	585
12712	2965
11328	1931
17981	3258
18288	4877
20664	571
10969	1540
11824	1619
10433	4301
13276	269
6575	921
1981	4729
3655	3585
15899	4799
18684	3451
23175	3549
23621	4902
17192	2137
10115	1610
23628	648
4293	3769
23095	1216
14512	538
6037	4497
15325	2630
22190	3740
17956	1841
10807	3115
11891	274
13035	4014
21194	884
24023	629
1608	3089
2223	4980
19906	4793
17688	3159
11968	4603
8187	4733
267	3729
16213	3072
2293	341
13521	3810
23968	326
20552	2903
15784	121
22466	3909
21438	2244
8715	1300
15208	4728
26044	3222
14807	466
7546	4225
122	2491
9870	244
4135	9
17584	2106
25597	1678
19707	1955
1599	3284
20636	3870
15824	3843
19553	5097
17293	4707
7090	2430
17022	3529
10791	2549
6895	2149
15972	1773
6638	2449
5415	2755
25089	4013
16932	4955
15805	2103
13497	3823
8593	2792
20893	3983
1378	4420
8526	3536
10794	1140
25152	3128
19528	3921
5479	4614
4632	532
12642	3697
9391	3733
25911	2425
13680	2038
15802	4213
20538	2591
21158	1935
16553	2844
16801	1662
10991	3353
345	632
14089	808
14872	2131
10588	2593
3068	2469
4286	4865
1511	1377
2915	1547
4000	3269
4115	661
11047	1670
3316	140
2259	3928
3922	377
13390	4977
8071	4595
491	2857
6094	168
4242	4209
199	3747
2190	2923
12295	5119
9892	2897
21699	811
23297	196
23481	832
17818	3911
2771	2463
18194	5005
24412	3416
18097	3647
4416	1387
3827	902
5541	918
1344	4675
22487	4172
10355	3290
24204	3181
18237	3285
11121	2172
21017	2808
5608	1397
9486	3537
22720	4323
19607	8
1149	2334
10819	1339
26023	935
11828	4650
4826	4588
4032	2752
16742	2295
6701	5205
17501	2185
1711	1545
17331	492
22929	3300
25877	3390
2449	1047
13483	3639
19433	1012
7506	4000
16159	469
12122	4831
543	1473
15123	867
13202	3784
25080	498
20956	1186
10117	1800
25661	3758
16496	4997
3632	971
25439	1412
15300	1722
15388	4120
3386	164
21187	4518
22964	2847
8876	1682
8553	770
14771	3985
18314	4193
10564	4427
23344	26
6317	2437
1877	1898
3999	1355
2997	3917
13413	5216
750	3645
18745	1125
12887	3891
6543	3093
12302	2807
1407	1354
6389	4576
6524	2077
16622	5019
18557	3655
5697	5006
5597	2342
22827	5200
21608	2373
21718	1427
13357	4778
12248	5126
15374	5114
4298	2069
11293	3105
23741	1410
15663	1672
8672	146
10356	4644
11612	1213
2215	4817
23051	1327
17827	2510
25116	3987
9020	3522
15329	952
11016	4951
8458	922
832	1795
20774	543
12306	1176
3750	4141
19957	1807
17585	4624
23417	3847
26190	847
4642	1328
1109	2925
18757	271
17580	2105
10526	2241
15413	4416
5125	248
19739	4069
16234	2669
15623	2355
24060	1791
8442	2848
238	2841
17343	4293
2182	1687
25863	1022
20236	874
19140	1259
11402	1198
6170	4985
22891	4561
4266	4981
14834	1381
13291	3735
15659	468
6183	2344
10310	4
8378	2971
3965	1860
16708	1329
22129	4131
4365	4684
15386	5138
18225	1073
15913	4329
6072	2856
1857	4403
21167	2361
8079	1561
23614	215
16891	4653
6023	371
11082	456
12587	1533
11893	5168
18340	2892
8862	1503
1670	4853
25108	3603
9338	2992
20934	933
13012	5042
5973	4829
16101	816
8869	4260
25225	1470
16226	4869
1153	2997
12419	3455
7515	4914
19443	4445
21508	481
14652	3464
19996	3659
22887	485
16336	3294
12187	2066
22318	5151
10062	2235
7636	4923
14845	5239
8387	1481
24214	5219
7045	1703
1556	4199
8072	513
12849	2474
18088	1730
4366	5213
17157	3051
3286	3680
15173	3595
15572	4656
5241	3513
25545	4671
11109	2910
1563	2085
25271	186
2750	4138
25902	1605
4432	5110
17575	3613
6863	2140
9471	416
6908	4732
7197	1055
19143	3903
6667	880
13859	3276
19161	1042
14559	906
25537	2989
18788	1675
1989	4912
4643	5102
8928	1863
3989	4714
14606	2254
11182	974
2593	4300
3909	376
10676	3502
18562	4362
19204	2501
24731	184
24114	1524
15301	932
1738	239
11785	252
17731	2452
25251	649
1339	1182
2826	3156
12425	4220
11275	807
3522	4864
13022	4605
15184	120
18396	2107
16877	1922
19081	4339
4777	4939
19378	4314
2877	2942
20157	4541
25836	670
23302	1654
22394	1461
1217	2338
778	4305
3719	507
7125	1748
24240	2797
11447	1104
8301	3728
9959	4391
21968	42
17118	3335
22778	1129
25864	3835
8666	2078
4958	4828
4472	165
9216	1310
12806	202
17113	35
18003	3188
11630	1874
24499	3254
15401	5090
16056	105
1551	4769
1606	1752
19164	3031
26059	2655
25211	4921
11053	1231
8615	4186
22021	4659
17538	759
17591	3961
8409	5130
23429	43
23215	4597
245	2255
7307	1435
23306	3068
6030	682
899	160
24140	2289
24722	1657
6039	3764
26159	846
16957	4857
5259	2526
18867	1816
25948	578
5131	4082
9867	4774
12743	2645
10763	2171
4351	2769
16853	3002
3754	2829
2075	1900
14767	305
10805	3715
17988	2545
25784	2946
8708	2283
1029	2809
5901	1385
5519	3401
19093	1697
22464	1488
21531	4359
10918	2725
2712	4612
15171	3845
19351	2198
9871	4327
3826	3172
10235	171
717	4679
20191	2228
8557	4408
4633	2820
18297	1711
12696	3571
4748	294
17992	5129
13320	1976
14552	599
17600	4096
2713	2481
24334	4617
8298	2673
13282	1123
23760	5040
1765	263
23145	842
21195	3844
22719	4321
20258	1677
10513	4787
24597	4460
6525	4085
5366	1608
25139	4207
23387	495
12707	3856
25541	158
21949	5004
22618	4523
1962	3776
3058	2617
13496	1715
5181	959
3516	4412
13485	3469
6082	501
7267	5165
15221	4547
15244	333
22601	722
16352	521
315	4194
25663	4776
12311	1818
16765	2351
4822	219
3765	1668
23712	1086
12313	1588
13528	751
20489	4223
11107	999
20052	793
20422	4820
1278	1268
14502	4742
23554	4492
4023	1460
123	3556
320	1444
4467	3205
65	3724
8920	1437
1151	2866
9862	1358
11102	1272
19687	4282
339	108
866	3225
15372	4123
4148	3006
3063	1247
2074	725
3873	1901
8702	3667
3195	4459
10154	5013
17149	2733
13711	2608
13597	561
19216	313
21289	3404
15959	24
16967	1364
8549	516
5547	1583
23859	3662
2655	46
17934	2767
20807	4616
10677	3939
16654	1071
21497	1128
21928	3193
7011	3666
12496	459
1092	4368
9800	886
8623	4809
7050	1141
16890	2939
13802	5096
23856	3493
10559	4573
16543	2840
18454	5020
20914	4393
4267	4682
18751	311
8737	2292
16886	4991
19608	4630
260	913
6807	3604
10253	2181
26194	404
12981	1244
3055	3583
3310	375
9921	5057
1045	2811
17273	2804
15247	3808
938	4018
13619	2465
21144	4136
19059	694
22504	1085
18032	2486
20064	3643
22235	4307
5729	2596
8305	1367
6711	2681
21159	4058
18942	3598
25829	4526
1373	89
13334	5023
22497	494
6033	3177
19233	286
11822	2952
4189	2668
4186	3885
25729	2647
14667	2455
18973	1037
7899	1100
5492	5083
2848	2564
18415	2819
7769	3333
10243	251
20150	4899
11418	4318
9341	640
7482	4620
15419	104
78	1504
13620	5024
11400	1873
1341	2523
23206	4878
4836	4631
24159	4678
22379	993
16039	2560
7713	1984
20078	3660
244	3141
14181	1659
5143	1135
13649	520
12851	462
21339	4367
5081	4394
15617	1723
17249	2162
13387	4474
5659	1584
3171	281
6529	3092
11011	2900
16433	3877
19682	372
20375	1842
7541	2438
8349	3790
24939	233
4104	1826
8302	1986
17851	5211
19457	3378
2334	5172
24944	1217
7645	405
7935	2521
14128	1349
9889	596
18370	4241
12866	2827
12749	3984
10792	4818
833	4585
2255	1637
22188	1884
19940	2512
1992	3481
6158	1639
20765	2199
14316	2853
17345	2104
12788	2023
178	1744
1000	576
17470	5003
21130	2202
3377	4931
19256	3883
16261	691
14	5237
14431	4364
5511	4974
12547	2419
14154	3409
14619	2446
18217	1736
16210	1323
24161	3712
23299	1869
19585	2049
10895	1311
4125	879
4183	2998
12703	4045
6804	1307
25209	1019
5119	4744
12151	4546
1653	440
12016	2664
11910	545
15126	1255
1611	3439
19107	841
14932	1694
2465	1510
14647	1006
24464	4773
10942	66
25678	4929
9217	2371
4877	1505
9125	1458
8224	1121
2741	443
8538	4672
17918	2826
11241	359
25447	5098
5632	4948
17086	2458
5164	1331
5134	639
2115	544
13321	1541
22888	2404
523	1992
17394	1915
7719	2019
16823	5094
2123	4765
2823	1866
6744	3950
4708	916
951	4181
17250	541
24781	2782
12679	1210
8552	345
12552	2326
1963	1546
23474	3196
22770	1456
23264	1706
4021	4589
18489	2443
23214	230
14377	1756
25978	760
12266	3615
16937	1673
3996	2219
9759	147
21548	4036
22147	3067
254	4897
482	408
13647	2432
22436	3131
6669	4836
3721	3060
21131	3661
16495	1881
18210	1258
3681	2585
4705	508
21468	2429
15626	3727
14639	4475
8592	324
21432	364
23771	5018
19545	523
21125	908
18784	3811
2169	3063
14135	4119
21832	155
18585	2466
6878	3021
8727	1058
615	819
24578	44
16347	1948
21391	1767
14376	1814
3725	1607
19052	1985
13177	2703
18995	1833
8211	1357
14067	730
6907	512
19464	325
11815	2618
4743	111
1292	4699
19159	845
15667	2302
15422	4424
23720	2011
17502	4071
13153	2796
4576	1283
20122	696
6538	3789
9895	382
3731	110
3718	1378
2883	857
15774	3155
25572	1305
10872	4250
8807	790
15258	3019
4634	3926
20231	2110
11141	4190
17017	2659
12927	502
1916	4451
7475	2195
4624	378
6746	2515
2203	2200
8049	586
14485	70
894	1413
5840	1095
18668	542
18037	1569
1840	762
7449	2316
3209	3191
18685	4124
22299	3004
193	1338
11721	4545
1073	2569
16644	2553
23485	2394
1896	2044
6700	114
2562	3515
6448	3931
12687	2607
16484	1987
15195	3243
7712	61
25095	5193
4027	198
16565	2846
21390	4801
24250	4252
19495	1112
2511	2708
18453	1074
11472	457
22598	75
6918	3868
5731	3347
14620	3623
8530	4134
3053	1858
214	987
14338	5075
14547	1191
5231	5045
14374	4280
7058	5187
7095	1854
9090	3565
5395	4188
13992	4054
10358	2898
3917	1575
13068	2117
4846	450
1157	2127
15935	838
21313	4519
15227	4893
7615	330
19126	4117
1976	5117
19131	390
9944	2460
4868	1964
5184	3322
727	189
16717	2058
23064	3880
17785	4918
18540	93
20260	4457
1832	1275
2352	3163
10765	758
12256	4395
7811	1166
6631	2802
16747	1382
21178	1083
12614	3806
19150	1604
19683	4632
574	1118
21847	482
1498	2886
13490	3920
22404	4667
8503	558
15366	1579
9021	3523
5838	618
25442	216
19598	4330
18544	4661
7072	3256
21317	2540
8877	3447
15683	569
16070	3249
21779	3325
3228	2758
18612	2409
22369	526
15582	1953
5116	726
11591	1597
13625	4503
18042	1454
2611	4243
25359	573
6535	4549
14550	4068
14766	1066
14970	3302
18879	1782
19881	2977
510	4553
26042	4583
7463	2165
2485	430
12212	729
23110	1160
3631	3124
12980	1199
23896	1626
8742	3112
12491	2418
1822	3889
820	2955
215	708
3824	4080
22917	1189
20553	2904
25236	3346
5639	1212
5740	167
16624	2790
3280	1235
3743	1601
6830	453
9126	2920
1356	877
19677	2109
23652	4304
17999	4191
23219	3912
16820	4255
7716	145
14707	2891
9649	771
24101	977
9829	727
23883	3317
6806	3605
2339	3820
5555	55
1727	878
25937	2457
4017	4009
24479	4105
1621	5049
25849	4527
16889	1765
3073	3032
4469	3706
20620	363
21407	1153
17307	4556
22283	3842
21190	3954
16482	2157
2504	2047
23649	128
5445	4388
6468	380
1968	3566
15166	1695
639	278
4427	4835
13971	2901
2785	4462
20253	2729
9249	3590
17817	3450
1187	4874
3006	2620
21206	3550
24385	978
4284	2353
21943	1015
17403	2262
8728	4006
16162	1312
3204	2453
22393	228
18183	4926
17396	1138
1258	2444
21778	2741
16486	4236
7015	2348
2165	1718
3173	676
3820	4079
25220	2046
24160	354
7695	3701
14340	1801
25287	4380
23409	2614
2770	3351
25006	969
15305	306
20155	3422
3594	3461
22903	2875
4466	1098
18884	3547
16575	1497
4638	704
3677	915
23114	1345
1427	3746
6340	1054
11718	5112
25115	4779
21809	4609
20949	3768
12160	2147
17804	787
10350	1062
25304	1950
26013	3071
16935	3748
12422	626
20587	2084
17875	1214
25449	4350
17746	2242
12695	4169
1014	1600
10871	2314
106	912
9124	170
5730	3402
5360	3486
5830	3153
17824	4099
18624	4288
19221	5002
16837	2485
19051	3770
23552	1889
11823	4755
25628	3717
3196	4369
6738	1021
22087	1835
11002	2364
3977	1512
14157	4093
2073	3879
13199	2483
12664	738
20886	226
5578	595
20772	3720
9988	3622
11566	3229
3193	3099
20216	4982
18613	4156
25496	5221
2306	2042
24852	4259
19062	4645
16906	1820
18649	719
21101	4299
12107	3199
11593	2821
81	1708
10640	3807
941	208
11583	4272
6411	511
23648	2823
8815	741
7452	2710
17807	1072
24219	1663
4484	991
14540	465
1124	2858
17822	674
12798	4276
15246	4757
9053	4723
2805	1375
20341	1516
10116	4159
3998	2648
18398	1580
5392	2436
15311	1757
3843	2869
23304	2253
5481	3969
23246	1426
7384	533
26157	2678
24816	4326
547	1474
13624	1005
13333	1622
16232	4643
23186	229
3293	1847
25917	1263
2952	444
5497	1099
17797	1405
17683	3614
3291	3387
884	2785
14746	1647
14497	975
23915	3620
197	1725
20478	1108
14808	3594
3844	4803
11820	4048
20149	2263
1074	710
2331	4636
13813	2500
20513	3828
21152	4127
1699	4505
392	675
17936	4849
930	2321
7883	1587
21798	584
19167	2612
20257	1660
10532	547
18275	4221
6641	2215
21315	1455
13675	3884
22088	3970
10162	2003
16231	1804
22879	3275
12860	360
4288	4866
18943	720
24439	4363
14615	348
4819	3200
12861	2994
22	942
17395	3137
25975	5105
13682	2653
2917	2581
3752	3142
4379	3012
15664	2439
2621	4075
16258	12
20702	1469
5406	5207
26180	4941
2003	4238
5055	1513
5425	3707
18154	3341
10904	3855
24152	3045
5057	3752
4269	843
24942	3327
5346	166
4493	2010
9514	3271
10002	4580
16594	539
4139	2961
23492	4446
12287	1462
20414	4217
5827	2015
19580	1039
25596	4952
12659	1422
22028	2862
24372	22
5251	296
18634	4417
5673	2056
20062	1487
5065	2092
2993	2088
15905	2836
2512	255
16014	4758
17289	1325
11616	4143
11991	5027
9103	3829
13205	926
20243	276
20119	873
14182	5029
19613	3170
7578	2622
19473	5217
4372	4646
22726	666
8881	4986
9189	5120
6941	283
19445	1111
16084	3065
8222	966
7824	740
11114	4337
6078	2319
4262	5204
16216	839
14664	2748
2810	3507
13060	642
23163	2743
17174	1944
19489	1127
11379	2964
10500	3907
24293	130
4967	1828
7311	3813
21547	2919
26100	937
1105	3211
14809	4197
25158	395
8336	4772
9913	3572
20650	2751
16032	429
16020	690
20707	5228
9572	15
1910	340
17739	611
3607	3028
14710	3048
18151	4895
9485	2285
16102	3703
11444	1643
13714	304
21199	3003
25710	1852
3766	3586
25289	528
19562	1834
9392	2413
10251	772
3197	1769
19992	40
22798	484
12787	4291
20435	3295
11876	774
8441	3248
12938	662
21665	1424
3553	2727
5543	2536
16106	2407
22975	1887
15714	2102
8534	5010
18743	2873
18910	616
21142	1790
4380	3965
787	4814
18067	1710
19697	3319
1098	2957
15245	1068
15931	5
24	2399
2155	782
7603	4726
1660	4930
5488	2339
5839	4810
24463	4453
17019	4049
9241	1286
8626	3861
22423	1282
22381	4958
14840	4702
12665	1371
2797	1972
26176	2599
12928	463
20379	4822
15197	3774
11199	3516
20215	3398
16620	4244
21929	2996
20307	1093
822	4935
19686	2572
5668	4731
8717	5144
18592	1628
19980	154
21858	3485
2332	4660
23063	3113
22051	4264
12606	836
21436	3618
4513	449
6832	2336
13847	331
17603	423
16155	3494
21630	621
26	1353
7504	683
22428	4384
14153	4438
17808	776
23759	4727
9736	1252
24294	2877
7280	5164
17388	4496
4875	2532
14384	4582
9094	3560
22599	2000
19569	2472
8725	5107
14985	3212
13352	406
2560	529
15144	865
15415	3044
23622	3238
18381	2578
10427	172
14870	2130
23153	2007
8157	1982
19340	287
9459	3825
4273	2524
25543	5224
3297	4846
5655	2464
23674	2876
9643	568
14886	3850
7087	2067
13622	2652
9026	4668
23346	1544
3265	2482
13364	664
24251	3782
3875	2770
19871	4025
4377	2090
2623	4076
2385	2541
12365	458
4261	3894
22826	2498
7829	2050
13481	2293
19645	1078
24616	2112
5144	4258
4034	5064
25595	4789
3651	1132
2851	3499
20953	4452
4468	2896
20001	831
11502	3881
4673	2060
17131	1188
11791	386
14600	2052
17471	4715
3812	4078
23149	2634
8970	4428
1051	5091
10497	2734
9417	1772
3990	1688
15973	3192
2752	280
4265	4569
19808	524
19931	4493
25480	2330
6706	3863
1430	1896
18390	4960
15682	3049
11196	4750
358	3725
5465	1684
20233	5212
7098	3696
4103	3871
16006	1156
13482	4091
13999	2628
26065	2656
26168	3283
8787	2398
11967	3324
953	1023
22691	366
16834	3001
16722	562
8711	4176
7026	4811
731	553
21799	3511
15145	2099
8369	1617
12235	4130
22528	747
24594	3821
22692	4805
2010	2580
17453	3935
18344	2529
15951	3020
17122	3927
15154	5062
9099	116
22831	1595
16227	3995
14130	4841
17461	4637
20519	2264
25868	1997
10519	191
3853	677
4033	3412
293	2757
3825	3982
12113	4990
8000	3136
1172	400
400	3011
17782	4915
24765	3194
15416	1729
16994	1177
1782	3809
20229	1856
11054	5108
25980	83
22603	2223
23673	2275
21288	4410
2559	2535
25321	3427
2295	4334
22644	1294
19379	2186
4759	2227
25664	5093
10412	2849
15205	2300
4988	3040
12050	5235
3508	2115
20567	1700
9306	833
25382	813
4774	2055
3186	5028
15917	1106
7959	3310
9266	4073
17182	1224
14131	4989
7718	5178
15800	5191
16882	3527
5510	605
18102	2865
830	4721
7572	4898
5698	3755
22722	2722
25891	4173
2049	580
21048	227
9093	2037
7563	1733
17537	5030
14770	4847
45	435
12940	4815
17116	1334
15321	1372
23420	2619
9915	581
3851	4648
114	2800
16022	549
14616	4266
17240	3034
10476	2516
13621	2381
18383	3840
8208	1196
3206	4548
8064	2583
20925	5135
21341	2461
15127	2063
17738	1102
23945	232
7477	4790
4955	4806
25850	1142
20261	3055
25379	1205
15182	4965
21755	3457
16818	2822
15624	3233
20883	4813
25962	3841
12553	535
3821	2830
7088	4224
5083	4174
10912	896
18580	193
6390	1498
23511	668
4289	2146
15666	2301
11577	4343
6648	4700
8630	3101
11670	773
24814	23
25611	3944
15252	3403
11563	319
1376	4681
16266	3888
12758	2151
15478	3681
23558	1552
22110	5044
22815	3102
7916	4563
5853	5082
11470	786
18543	645
23970	5177
15073	5133
21543	875
19924	3355
10983	1101
21579	4641
24341	3095
2506	4382
26058	3652
23224	1568
20317	1317
13501	837
14317	3761
4196	5089
8047	2232
15961	3024
5364	5236
17655	471
7878	3612
3100	4510
21821	4320
11445	2022
21090	1234
16659	1696
20879	1014
15251	689
6219	329
7510	1724
15562	2100
21776	868
10501	2650
18913	3818
16640	135
4835	4444
12411	3384
23870	3236
8870	5084
17589	551
18895	4627
22048	4476
16819	3905
25114	3805
17389	36
4834	4081
22439	2245
11861	192
11696	1122
8312	757
19380	4512
8704	3960
4051	4517
23412	2635
10134	1611
11879	4522
16148	175
25057	3239
19257	4791
21853	2783
5137	4761
12599	1969
11734	2372
15891	321
3387	1796
8216	3016
24841	1810
24718	1087
4828	5071
13834	3649
3321	2868
20424	2441
1841	634
22225	1759
7450	201
4272	4824
5938	3064
20775	3762
19146	2159
18772	2134
3679	1109
14496	1451
20641	1746
22074	699
19642	3312
22239	3176
2348	2801
10390	1980
13292	1975
22744	4634
2298	5142
17297	3996
13031	5021
9039	4998
26006	4710
9962	4381
890	4449
8505	1849
24462	5073
23909	706
15170	1635
20793	4622
24593	4508
10822	824
24708	4447
6351	1133
7893	848
17911	1467
11035	3859
2591	795
4483	2958
11183	943
16123	1823
8206	3157
2186	3937
23506	1760
21587	352
13325	4741
17819	4097
17463	4029
5359	3129
21815	1625
17864	3846
15559	1392
12478	1578
19089	39
15357	3817
13712	210
11609	656
12296	2138
25130	4229
2984	4425
16115	601
11919	1527
5435	960
19962	3133
19297	179
24601	4065
17038	6
21386	4435
17990	2158
20558	4289
17161	2660
6709	3187
15382	2057
10597	173
10438	4287
10986	2947
15816	1008
10549	655
5636	2542
8730	2702
4040	4356
6301	2870
24199	129
128	1916
25649	4551
18488	503
13318	945
20517	1164
9631	4371
4640	2880
19892	5100
9616	1967
1667	990
22577	3922
5109	1499
12689	3988
573	885
15717	2726
15005	548
20667	2667
20101	1500
21466	3116
6724	1732
14621	4629
302	1936
25378	1768
26191	4411
16563	2845
10884	4830
18125	1484
17464	1452
21309	4821
2243	3673
22265	2143
12193	4516
4319	2150
16521	1163
16830	5015
25346	487
22730	4873
2476	4431
23721	700
18443	2675
11426	2270
25934	2234
15400	745
9893	4017
17162	2261
20613	182
5400	2766
18952	2108
1958	1309
17291	4011
22463	3705
17337	1740
25853	4558
5412	2014
4782	1952
6896	1251
839	3695
13705	2558
21777	3374
19624	1308
9147	2506
26181	1553
12739	1563
13013	1811
22046	1538
17082	2587
733	279
22119	2949
19061	3561
13175	3149
23681	2236
4959	4060
11030	3940
20433	4949
6222	4083
24057	958
2142	4062
10881	2021
13144	4415
23708	273
25229	3240
6184	2916
21824	572
21800	1171
19110	1871
11661	1149
4431	1827
8517	250
22177	577
676	579
19517	2392
2527	3751
677	4586
9618	4514
9712	2154
18758	1126
6864	220
15938	3108
9984	3292
22927	4854
4301	2640
25872	754
7647	4537
25436	197
10252	4254
5136	805
19603	2059
3164	1183
22620	1409
2614	2315
8153	4964
15695	4819
5934	1417
5656	500
8231	1966
16694	589
11017	2979
23672	5118
11442	2395
12554	4924
21544	1749
25534	3694
15977	3334
16945	2176
5739	2860
20569	4152
17467	3245
5385	297
18681	1225
19640	20
9595	3949
7069	1531
18094	3046
16727	211
1728	499
734	5001
17439	307
12644	3634
9760	3289
20926	4743
17953	1290
11712	1421
16545	4109
22382	3573
12884	2566
18595	986
19170	4751
9483	3495
21772	3083
3532	2765
1436	3642
3283	4077
21340	3867
3633	2520
14403	1735
17306	3354
1823	4237
14541	2062
232	2290
20309	5166
2047	970
12742	2927
12121	4795
5078	783
24126	2341
12213	5149
8374	2698
25234	3358
12498	687
14102	69
13164	536
853	3247
5771	1398
18904	2025
12165	2310
20333	5203
15175	2719
9994	3838
10406	1692
8811	4658
1880	3023
23576	126
22894	892
21495	968
9325	85
10990	4155
369	3875
24032	2592
6455	4178
12043	3219
9758	3741
185	707
3534	2089
13388	1564
25	4560
23950	2279
1386	238
