3855	2188
4804	1828
3182	950
2335	6815
520	5819
8015	6700
2313	5922
1146	1603
736	6162
2166	2994
8405	3329
5794	2223
5903	3284
1209	8024
257	4955
357	6647
7921	5105
4127	409
4742	3960
2467	8549
8005	5474
83	6581
491	5092
4595	4243
3892	875
4821	4747
1458	7363
2865	4905
7745	7463
5307	7891
5633	7776
1728	3430
7249	245
7729	6444
3355	1787
4974	2176
3970	5111
4831	5907
4900	2023
1293	5148
6638	1842
7498	7435
2219	1939
6864	7343
5163	1737
8349	3237
3623	7903
5409	1725
1436	7464
2049	768
3067	5208
8458	7633
3940	8234
7950	8118
4026	7842
4791	6261
3373	3923
1080	5194
5564	1077
1988	884
6345	3361
6921	480
5664	7693
4672	1947
376	8028
720	4060
5723	5286
6970	233
6953	2658
3078	2451
3977	3943
2505	2545
658	2018
6720	3389
6040	7658
5816	7505
1403	36
2083	5044
924	5332
7514	5562
5341	664
7428	647
3991	4999
7951	6885
2232	5949
1592	3402
2376	1661
6682	3125
4199	1978
7064	3884
5414	2307
2969	2349
4950	3264
1362	7723
6101	4330
5212	1317
3563	7764
5241	447
888	6585
3247	7348
1180	7005
2903	6235
2730	484
6426	4458
1539	5019
4424	5910
4284	4367
551	552
5290	473
6904	728
6364	1094
4693	3321
2827	1936
7446	6169
6797	125
7663	8203
7002	2118
8255	4915
790	2358
5678	7575
5128	81
7844	7858
5195	3002
649	1442
1360	5309
5576	5509
1618	265
2153	3779
8413	5661
4406	3683
8159	954
7849	1777
6353	4825
6836	2667
1537	518
6494	352
5969	6915
1843	7145
2418	2372
2497	7659
2128	3265
1177	8310
3027	1430
5374	6991
4981	3422
3490	5738
4390	6145
5822	785
457	7227
85	6312
1338	2009
7957	7225
7161	5531
4665	7249
5530	4492
2421	4152
7753	7248
8270	7215
5978	759
7868	2904
2842	7833
8260	3885
3445	4684
4964	7345
7869	5449
3929	1594
4465	320
3665	744
1493	6432
4603	2032
7103	2260
2670	2512
590	6664
5718	8494
3703	729
5929	509
5798	7900
7665	2034
4839	1838
2975	1976
406	8063
1452	4464
2351	2421
5305	4563
3880	801
2924	3140
3955	5258
2790	755
2365	6689
2097	5117
3745	2418
4752	3629
6165	6822
1454	1016
4270	1665
8491	2729
2806	4849
5028	4904
3402	3833
1247	5012
5740	1788
2661	7802
1126	5115
3927	5516
8330	6048
1926	1836
8296	7473
636	5424
249	5302
2366	5534
8032	5824
7337	6330
2632	1955
7252	102
3866	6437
6104	2292
1172	4676
3933	758
4344	5977
3780	7273
3956	1048
5261	4901
4243	453
3644	5527
7872	3973
923	1062
4960	5857
4544	7634
3305	8007
4835	6074
7217	1024
3077	4154
150	6520
4807	1522
5647	382
4584	1941
7569	8023
2052	8083
1004	7826
3723	3883
3920	8448
5923	594
4509	2692
5125	7595
6172	6469
3860	411
5902	2902
6738	1377
93	428
7262	4567
2362	619
4321	2323
3185	7485
2873	6748
5335	910
5355	1423
3368	3082
6744	5270
5859	5311
8362	6725
3092	5166
5950	4085
3308	4129
22	2500
5000	4771
202	2179
949	1138
2455	6605
5429	4933
2684	6095
6231	6724
5483	1052
5584	4020
2549	4822
7256	6340
1726	4792
7904	3630
314	3240
2034	651
8172	6262
4432	389
8440	7388
5739	3352
4015	4148
4195	6056
1795	6763
8197	6739
7838	2806
238	4575
6783	2483
1446	5367
7603	3818
4513	444
4053	5441
6137	5114
4048	2701
7473	225
2304	6063
8171	6134
4721	7295
6715	4892
3583	8455
1695	1854
7972	6427
7635	6308
4034	7131
1552	644
4510	5383
4464	6889
867	7591
7607	6593
6152	4191
8377	4727
8057	949
7534	7797
4027	6946
5104	8436
7186	5812
3998	7641
7894	650
672	3466
4628	8111
8536	3231
5533	3150
4481	7286
3816	956
6143	6344
8421	1091
7918	8560
3748	830
708	7745
452	2865
4888	2540
5204	2085
4779	1782
3276	2238
3422	3234
446	1888
2666	6612
4770	2006
5014	4430
8261	6090
5491	7411
4255	1198
5914	964
1163	1129
5629	6005
3461	690
2851	8510
665	7971
7437	6862
1715	8334
1515	6091
5751	4651
7551	2731
546	6039
4211	2893
8184	6622
3926	6751
7850	2810
210	1683
6351	2180
6670	6562
8376	255
2673	1645
1597	1256
2462	3515
6903	1981
8374	918
621	1231
7077	4270
4668	5279
4283	1610
4397	5043
7589	7440
5561	1177
7069	7078
1931	1623
2145	1794
5466	7758
5538	7950
7996	5222
2396	8246
3180	2624
7815	7531
909	5409
1680	4267
8211	7738
1826	7619
6150	2414
8000	3305
4505	1932
2028	3217
2804	5690
8298	8149
3650	3201
5747	2588
3717	8094
5142	3487
880	2254
7348	2237
7484	7375
1251	6798
8295	5464
3204	566
7214	1593
7590	6237
5455	2607
2158	6024
5069	706
60	970
5646	3617
1197	3989
1027	5146
4140	4024
7749	4564
4851	8055
4745	5083
1092	1071
2291	3215
4178	8
4830	2341
4661	2727
381	2465
4332	7183
1868	2345
2758	4252
5072	5663
5838	1669
3277	1350
1975	4683
3224	5135
8358	4537
2545	6736
7266	2228
5643	1225
99	6070
5113	6628
7743	1903
3686	1701
1089	5986
8230	572
3709	5668
536	6206
5924	1536
4725	4275
2216	74
920	4722
2030	6910
2853	1881
7804	3006
4006	464
6352	810
6065	5446
6282	5065
844	2475
1661	3260
2385	1886
8012	315
5703	1771
8185	3462
1760	7672
4353	58
2154	7173
5953	3450
6448	691
7380	786
2249	7709
5512	3966
5479	6677
5585	4888
6583	5983
6399	2412
5447	6045
5529	4484
7612	2256
3266	6554
1148	2135
921	286
7704	4532
2671	7642
6698	4779
5962	8243
2146	2367
6742	5219
3404	7757
5134	1208
3912	7390
5211	560
8168	1700
1499	3553
8312	1682
8418	3894
873	3837
4601	4729
462	6502
770	435
7739	3823
3	394
7284	7715
3529	7779
3764	1796
7092	7103
7204	5099
3845	3670
6201	3351
7053	8251
2841	6985
6671	7425
3369	3141
5944	3309
3937	2450
7994	5108
8326	264
398	8292
4811	5942
2174	366
5045	6166
2136	7522
4735	5765
5380	2325
1952	1613
2747	2942
7080	629
5975	5975
4525	6753
1053	8267
1379	1428
5106	7529
4051	868
5547	1263
5675	51
4580	128
8479	792
634	7137
7227	5909
1305	3384
2409	28
3808	809
8136	7955
5431	3254
6148	1074
599	3862
6183	2004
2234	5798
8563	269
555	5385
3784	4304
4916	8341
653	1407
258	1088
2354	247
1494	6192
4683	2021
7346	3276
1734	385
6995	7362
7255	7651
6393	14
3844	5960
5451	6117
8068	289
5063	610
3115	3306
4483	889
8492	7420
6275	8252
4224	2136
4028	1110
82	1265
1710	5615
2282	3526
6541	8496
2568	4644
4244	173
4171	8240
1572	2219
2783	211
6069	959
394	5471
1331	973
5620	4909
6779	4526
1115	1705
5175	5591
6771	8441
2093	8523
7773	5011
6423	1463
3042	5190
4138	5816
1677	649
6264	6215
6486	3725
2191	7995
6664	2079
1891	8235
2022	6010
5513	3316
4540	7789
3250	1637
5683	5620
290	3122
5317	451
6015	6105
1022	4177
6371	5989
7829	1807
474	67
7447	4605
1259	1684
556	408
6591	75
6189	4850
7835	2895
5428	4339
3091	275
8192	3133
2104	3277
6126	86
8510	5644
6789	1970
8282	4898
712	7585
5578	4381
44	991
8214	8145
7540	1341
7920	243
6096	2247
8244	6967
1038	1951
1035	4622
5422	3117
1480	2851
2448	8504
4112	4528
6528	6147
5143	6386
4630	4806
261	924
8088	2882
241	1282
4444	2974
4902	7898
4860	2748
3669	8214
1099	8100
8384	1496
7289	6526
993	7332
2111	446
8235	3374
3272	7953
6939	1987
7057	7639
2309	5445
5124	1690
7211	6567
4461	5213
7584	2684
7761	3383
4429	8019
7325	5344
8525	4268
1869	1144
733	127
182	4765
4348	4424
1029	4895
6949	6685
2918	1433
3084	5712
5224	3679
209	3401
5912	4827
3550	3222
946	8102
8373	4833
5656	8402
7828	4386
3818	2992
4708	6818
512	2570
2639	5923
5213	452
7727	8506
8351	2461
6690	1424
3334	4896
3424	304
4585	1890
5109	1190
1785	1321
8318	4280
3567	227
4654	5897
1370	5518
2911	8360
6798	2112
7343	5127
3470	7888
7602	6737
3948	6644
377	2235
6451	3124
3579	303
6483	7196
7512	6549
1832	3299
5064	8366
6467	6154
8504	3906
6277	5504
2073	137
4347	1721
6367	2674
5390	1063
2225	417
3658	5196
7734	2232
5018	3220
582	8364
4394	8121
1061	1374
2171	7620
7020	6259
3314	6013
3857	3574
4182	5741
4368	5387
1565	8339
7923	2436
3035	4332
4001	8290
3673	2660
8170	4384
7119	162
7808	231
8322	4744
289	155
2380	2340
5663	148
2060	1663
3616	2702
3293	8270
8347	934
8267	695
1629	616
6011	834
5110	3382
1014	4176
4647	5880
4784	1785
7979	5548
748	4995
7901	1451
3969	4159
6091	5963
6916	7403
8080	8080
1352	846
1485	3442
751	7258
4982	4088
8459	5056
5416	3149
914	1218
5096	4921
2993	866
3546	3735
4190	2386
463	443
4168	7062
8193	8164
1005	7710
3061	2939
7997	2591
1361	2344
6914	8218
3261	5744
2874	4327
2769	665
6217	6428
5949	8155
361	7063
3217	3354
2092	5792
3930	2096
5814	3605
6138	5103
7539	7862
3828	7209
7257	8302
918	4073
1444	2770
191	2291
5843	6793
749	3313
639	338
4220	7203
3849	2337
6520	1416
305	5688
7667	6513
3962	5055
2337	6179
6915	3390
2466	1624
5382	567
1763	6485
5316	7476
4610	2750
7857	1822
2056	1636
1771	4180
1316	7559
7587	5715
8408	1958
4715	7981
2024	5316
1915	3367
3495	7954
420	8293
6658	2080
153	2683
2349	2221
7642	2145
8452	7535
680	8483
1169	8547
3800	1182
998	4355
3348	919
7988	6263
6608	2945
4941	5396
7117	7703
5167	3919
6346	6144
7795	5221
5133	3022
6132	8079
7799	4662
3744	4717
2040	7147
5680	6099
5082	3362
7379	5631
6897	5556
5939	3107
4857	871
5349	8191
6622	1308
5145	4635
6026	5345
3359	3518
814	6294
6960	4394
4458	8319
4639	1611
2290	2827
7455	4648
2978	5964
2074	745
8310	19
776	1445
8400	7537
7541	5732
8218	3581
1363	5365
1830	1206
2480	4097
1369	8357
4044	3223
3683	6687
5699	5266
2318	6939
4421	6132
375	1500
8279	1345
8476	1271
7538	6972
1238	1139
2741	5560
3476	5707
4911	2149
5037	6872
2348	7177
2509	1943
757	4615
23	1481
1951	1120
6701	8017
4029	393
6129	4439
834	4445
7964	8241
3752	1532
1787	430
6943	5838
6306	2445
7149	4486
8460	3969
6561	4246
5580	88
957	184
7113	7868
1084	3832
1187	6665
5270	1293
79	4121
8308	2989
6116	7087
6460	3197
1675	4215
1938	6866
5582	8421
6773	1033
3765	1059
6774	5422
2403	3610
705	770
7458	4329
4148	2468
5319	5257
6214	1581
6804	842
3432	5918
917	4885
2970	6201
5800	1054
6999	4906
4859	8558
6008	8114
5399	1017
6655	6230
1517	3175
6617	8507
7507	1813
797	4637
4186	5872
4246	6525
5101	7386
13	6851
7588	7492
8419	395
6858	1897
3486	4924
163	7719
1261	6200
4558	2853
4892	6415
5738	772
2443	1671
3881	4932
1574	806
3739	660
3181	5642
6991	302
2484	397
8243	2109
5091	7899
5749	3365
6685	8306
6462	2402
7432	7924
7982	63
2423	4848
5387	6757
221	4557
3099	4596
5463	5
603	4336
1545	7451
2615	8563
176	2294
6911	129
7703	412
3500	5364
4387	6781
1587	2050
7854	6674
4739	1032
4940	1297
1816	5053
8074	3127
7822	8529
3791	8034
6328	3559
6704	3314
4962	7736
6586	1774
6446	7911
3822	2929
2076	1179
4200	3332
4730	1228
5087	5141
244	6390
4814	5033
7555	2775
7595	8469
260	7436
3000	2523
6945	6639
4356	4306
1402	6433
4671	4153
2619	6138
4161	1748
1549	7277
3796	4368
5657	6451
2917	5517
5247	3396
247	4391
1659	8538
8146	511
231	3580
3111	669
5426	4481
5980	5834
2909	7169
3148	8232
8071	2198
6329	1409
2101	4755
6572	312
6001	2097
587	3038
4486	3250
190	1548
3309	2277
6092	3641
7892	3799
8058	1559
5807	1531
2852	4390
5546	5089
2647	4866
7599	8409
4136	2821
391	6783
7989	2576
8545	1375
2247	712
6688	5641
4203	3860
2026	7526
5015	5059
5694	4977
893	3432
1764	3625
3205	4559
3132	3186
5996	3458
2611	3403
3829	1210
6668	3897
106	7402
4674	2437
6727	2699
8497	6
8378	5771
2206	1749
4790	7112
215	1659
5162	4555
5436	3438
7079	4668
640	1226
8212	705
1712	8148
1514	3411
2621	7053
8174	5096
7282	7278
7976	3747
2864	3337
7052	6404
7471	3392
7930	3078
1151	962
2869	7759
3679	6171
2723	2610
1564	7829
6598	7543
3660	6289
4919	5405
7231	7755
8120	1666
4024	1504
1541	4549
5835	2954
8435	2782
8130	5269
629	8407
5905	6315
7025	6667
5219	3546
6342	2142
5882	2522
2114	6073
3275	3947
3072	4681
7882	33
5051	4208
5799	639
7746	6701
1301	7573
8552	4059
228	5263
775	2317
6946	7060
2796	4017
8188	8059
3100	4689
5842	4009
4032	6850
8383	7856
3005	8517
5887	4076
5250	8129
3098	3091
6060	2474
2295	471
5655	1163
932	8495
4704	2829
1792	2987
5236	1125
1522	5827
5915	615
8541	6832
6509	3081
1774	3689
5922	808
3001	7769
6358	8081
3877	4657
4987	5825
7715	6307
6141	98
8368	6423
2437	5371
5959	5228
3947	6845
7349	7996
1433	6691
3299	8088
2920	1786
895	5974
1925	7804
6786	5498
606	7741
1154	5231
1603	7656
6004	5423
4985	4455
3045	8046
6732	6453
7463	7432
5764	7806
7430	8351
5587	1849
4349	3920
4245	3480
5906	7512
7779	7301
8512	1689
8072	5120
6276	1699
6491	7952
2167	8338
2440	2466
2802	1693
4961	495
7245	358
2138	4333
3949	6288
5461	6231
7248	5339
476	7664
3206	1421
4511	343
1569	2874
4848	6769
1280	461
2706	6030
2883	3808
3473	3105
8266	5250
2241	8514
4506	6125
7301	7653
5713	4251
5972	8536
7974	3252
7905	5295
1894	4687
6613	7004
2782	4724
4873	5443
1040	214
7006	1075
7329	5178
6336	1985
3142	223
8309	7895
2224	7747
6950	3325
2353	4132
3480	658
5649	6470
3200	410
6626	5426
1516	5317
3258	6582
3814	4204
5452	2568
2755	2087
5554	1709
6568	373
1437	4542
262	7471
1122	4939
6020	612
6981	7405
6959	4298
4951	504
77	1068
347	6902
5693	4359
3755	6553
5423	4471
6696	4748
3428	4810
6421	6180
602	3435
6198	7681
482	96
6553	3668
8334	174
3694	4028
6348	3088
4913	1948
7078	8008
1001	8423
6309	130
4695	1514
937	7922
5489	1277
7087	826
7631	4269
792	5338
2176	5206
651	961
7662	4343
2310	7528
6194	3394
5810	5280
2523	8053
1559	2257
7719	5299
6002	6823
4114	324
392	6892
5684	3071
1222	5859
2922	3238
8265	4262
5147	1685
8277	1590
1	1381
1821	4425
5303	1973
7166	2763
8135	4873
3888	3287
5237	32
7172	1762
1242	423
8064	4286
3718	4115
6414	3200
8511	1394
1354	6258
3971	142
4536	307
3514	2776
66	7568
5468	6976
6543	6726
772	3623
4626	8142
1784	844
498	3057
3230	3734
4861	6267
2449	1650
8426	5520
3046	3550
1854	5748
5550	210
1632	2548
2358	8524
3397	6069
5653	7127
2151	4379
5863	3219
2086	5793
6284	5428
3696	1147
591	3424
6677	8003
6457	7080
2302	1095
5268	6771
1299	4021
8434	3602
278	2355
6444	5787
5397	6999
4606	7912
5936	1388
3856	5218
4219	7119
5150	3280
1109	4012
2645	7739
3628	855
6573	104
8268	3085
2501	2305
3532	6377
4641	4716
3651	6760
5515	7415
8026	2938
7917	6133
8035	8143
3460	6551
379	4432
8551	280
2323	7318
528	4852
189	2056
7443	145
5225	2498
2692	4775
5373	2039
5389	4711
6680	8482
8186	2628
4376	5883
5841	5740
8157	1305
2190	813
3450	6126
5791	6487
3337	1876
7101	4807
1124	8435
1686	7873
3246	8113
8045	5049
1697	1252
1033	1040
3321	1367
4837	4322
5774	8216
3426	7230
5677	7197
7433	7287
7647	904
1224	346
8100	683
7880	62
1394	7434
8403	475
628	1620
5025	4254
5622	4931
7074	6852
5229	6754
841	1061
6564	4488
8281	1968
8110	817
3677	6648
5623	8163
4162	3033
618	5734
3509	1503
7209	2757
1749	858
2797	3930
892	7040
4965	4026
642	2749
4741	2961
4036	6494
2272	4453
858	1830
3475	1483
355	4624
8389	6034
6034	1664
6942	2303
7958	4750
2041	7504
2156	3721
1443	2589
5804	6280
3466	5487
5097	2698
6932	2671
3715	3806
870	3495
6035	5493
6428	1687
2529	5578
7090	175
299	676
3131	6646
1009	2426
8535	2871
4121	8551
8152	7007
7279	35
5779	416
5573	993
2173	1326
127	4498
1848	8372
7228	696
8190	3732
2356	6925
575	8347
7973	3692
2021	1073
403	2741
5465	4091
5302	6416
4181	6229
6726	7629
8104	5814
896	2393
719	1643
3685	7433
5016	2964
8342	5402
5425	8061
8319	6362
4075	2838
4437	5229
7308	8237
961	2480
8321	26
7490	2896
787	4824
2572	4496
7732	2332
81	4610
820	7094
560	5216
7201	3077
3781	8501
6195	8140
8210	7743
3140	6194
3958	5199
6288	1466
7242	1148
8067	7069
7939	1082
794	4872
4079	5355
7866	754
7934	236
4377	4720
3842	6635
826	5833
1500	2236
329	6239
789	2210
4252	2841
3697	5645
7413	7021
3133	5003
7571	478
3375	8309
495	1966
5698	187
7469	7412
4515	1525
1351	2582
3618	41
7143	1137
604	7265
8401	1412
6781	7192
827	254
6750	3858
2479	8157
4634	5777
5269	2231
6118	1866
8450	7337
2391	7609
3163	5966
7051	7896
2470	7765
2995	5414
8038	4392
899	7695
1414	2619
5704	260
6643	7365
3296	4035
778	6321
7287	259
6442	8210
5968	6541
811	6172
6577	1237
7824	5346
6047	6729
6873	4884
7526	6009
4222	270
5206	3164
2898	1146
6182	6183
7135	5802
6764	27
2220	3711
2373	6256
6142	5155
7927	5705
1520	3177
197	1205
425	6309
4640	2606
3472	5979
1954	2613
3914	4925
1755	7271
670	7840
2844	5484
309	3199
3510	5136
7661	535
5098	3496
3464	7935
5965	7698
6743	5039
7593	7974
7358	6506
7742	5544
6400	6165
4300	8170
487	557
164	5524
8441	2106
2025	802
80	6221
1147	3052
104	3838
2925	4632
6521	345
531	2417
5853	8060
7641	6396
3543	7350
3034	2297
4670	6993
2628	3895
6384	3443
7047	4093
419	5296
194	2887
6066	7086
4557	700
678	7359
1203	4923
2728	7569
2600	7549
6413	3336
4288	1169
1912	1361
4259	3380
1654	8398
7670	5558
7600	6670
6146	6491
925	573
860	1127
1803	6654
5852	2920
2080	2476
5821	1695
4748	6992
5242	6873
6412	4069
4667	1929
6330	406
1416	8033
3864	2302
2065	3096
2238	7951
1479	46
6149	5667
6504	3533
3435	5154
1409	7521
4755	8489
4605	3775
7774	2754
2075	2681
3740	2856
4233	7376
418	7180
6087	8200
412	4477
2233	6098
5595	6175
2649	263
6594	7361
6601	5773
1641	4146
630	7456
6365	867
5263	680
107	2131
4980	8204
7043	3131
188	3058
2689	721
5450	3978
8144	6843
3668	5674
3144	5545
8529	1529
3934	6568
2000	4891
4093	1111
5264	5017
2006	987
4692	7220
6079	1639
6691	5618
8259	4733
7789	7344
6527	6129
5811	3202
5444	7193
3783	2663
230	5162
7629	6298
1407	6225
3809	6032
4239	8285
5185	6422
7330	7474
1756	5719
57	896
4677	3901
1042	7424
3194	3918
1343	3388
7586	2546
4582	8321
7680	18
1442	7328
7572	3618
5337	6406
6523	3956
3979	7680
2515	941
5782	4495
8524	1493
3408	5772
7777	8091
5638	5628
6593	6066
4002	271
1058	6490
3574	3677
2901	8249
3038	7771
6250	1216
2659	6424
5282	7866
2336	3296
3630	7263
1531	2273
4480	6940
5153	2458
3183	6439
7066	3543
8477	8377
3635	291
5605	5205
6646	6741
2843	1703
229	1142
647	2069
3984	6369
3848	2830
8317	5848
69	6987
4122	4723
4769	5867
6780	4022
7352	4195
2598	769
4428	6586
2618	5067
3161	5538
7070	1165
2967	3492
3325	3116
5391	3439
5717	7883
2107	4728
4237	3419
2311	2091
3549	71
6296	4878
7236	2788
6759	4666
8417	4193
6731	6543
1097	6293
7775	1638
7747	4163
3298	2813
7691	6029
5220	7808
4651	7979
7183	5268
1093	7175
222	5866
2064	3372
6295	49
6582	2593
4523	6236
8025	2848
7444	7385
1714	8154
5243	8358
4314	7850
3544	2678
7478	7674
7564	3567
1181	7292
5733	1102
3378	6876
2835	2594
6739	4890
7185	7506
7624	7335
7247	777
3383	4554
3538	7444
1806	7847
3405	8226
6081	5711
1271	4461
3221	7599
7575	6275
135	248
7673	1342
4562	2015
8156	7024
1902	6746
1049	1717
1118	497
6652	7211
6910	1895
4707	5150
7362	465
5712	5433
3839	7076
4620	4943
3922	3514
830	7635
1690	7945
4612	7876
2944	7168
5991	3027
768	3791
1693	5101
30	767
5527	6634
7707	232
2019	8012
5471	1901
610	6875
504	7035
3698	6631
5036	4418
51	8179
4267	3845
1742	1460
2235	4760
1530	3589
6075	4973
8445	6802
5955	4188
8202	5706
7230	3841
1937	4894
8082	3936
1026	6173
1627	1406
8122	8271
8191	6566
5760	7453
4527	5427
492	5764
5658	5981
32	5461
1655	1441
8119	7001
1980	4068
6928	2644
5410	3917
5688	4045
8520	1294
6357	1768
67	5623
8142	2082
4225	205
8447	432
1182	2908
4130	6480
6230	701
1108	953
2055	7550
5714	1835
4768	5015
65	2220
905	7409
3156	6478
72	2239
8396	4124
2072	1967
8393	7604
3778	6492
5552	5255
7035	1912
1041	3155
2908	7915
8410	1869
1801	8192
6666	3835
7506	3233
613	3640
1110	4764
2882	6880
6876	5066
7859	3927
6729	4369
4360	6174
4209	1415
251	252
6574	8082
7278	2956
1542	604
4327	2894
43	7783
6197	7358
6760	6812
7456	7186
1167	60
7788	3370
2961	7668
3553	7985
2830	4010
331	1588
130	6211
4305	4104
6536	694
8050	2779
432	5646
3176	5718
3905	8574
4335	4147
4460	6020
600	4791
2245	2802
109	3667
6108	7450
1074	2953
1140	5770
7081	1273
2410	4077
5509	8352
7344	3857
6822	6640
2990	2067
6924	927
3684	3632
227	1140
7995	2204
4782	7396
4241	7300
4893	6503
4936	6115
7658	1106
1260	7849
1640	2774
2115	2710
4185	3159
7200	8106
1740	7816
59	5437
2490	4382
8203	8318
2007	3814
4927	913
6996	720
3043	5456
7449	4601
6558	3452
1808	2457
7251	8130
8204	7114
4953	7141
1077	7202
7137	7824
5696	2379
1815	2012
3676	4441
4134	3247
2624	3738
5995	3678
7176	3762
8	83
1377	2265
988	3958
6476	1359
6363	3663
675	6017
4997	1151
7817	56
386	5337
1055	1851
1365	4216
2803	6226
635	2013
5890	7356
6024	4107
105	4038
2147	2612
4099	4756
7192	3016
6023	2078
1381	2695
3840	2396
3625	3724
6740	2746
7374	843
2984	960
4359	1601
6099	4940
8370	4143
1295	6464
5281	6181
4907	1527
4943	2847
4990	414
6974	8221
4616	8312
5131	7931
443	3059
472	5786
4801	4979
3244	1221
3681	2279
4554	3308
4187	7984
2748	3870
1068	6988
3997	6944
7097	8131
6538	3801
7786	7413
372	4829
8070	1681
2973	7989
2626	849
3128	7852
643	5029
5728	6690
6190	6546
6619	3809
3329	8367
8320	6825
8505	2152
5682	3075
5298	6473
7483	2943
1825	7728
4476	3651
5477	2126
3165	1566
4235	5635
3109	4344
6472	4053
1323	3300
5539	8054
4518	7796
8056	8044
4263	5320
2307	7089
4522	7372
3340	1288
5644	3676
3443	4315
1328	4151
6339	2648
8509	7313
1232	2502
3062	4027
5312	4540
7199	2747
7674	7577
5787	5071
7696	2285
4780	7958
912	5629
3491	1898
3601	933
2250	6421
282	6765
2653	591
8054	2898
3415	1726
3389	525
7567	997
7604	1235
715	384
4576	6227
1745	4781
1810	6077
7270	3727
689	1848
975	1702
655	2002
4553	7727
2994	4638
5088	2819
3393	536
2129	6804
2781	4409
1054	1365
4637	3053
7936	5480
8001	7130
3095	5860
1550	3353
5672	8058
6301	2931
3214	6570
4947	4468
710	179
3123	2654
1018	8045
5536	2189
6464	7486
5453	3123
61	5403
3440	8268
5590	7170
4765	2907
3742	4608
4785	872
5832	2578
2199	7280
3581	4383
2477	5841
8118	982
4414	3680
3614	8199
808	8257
971	3333
5636	5454
6615	7088
3178	94
7417	6618
836	719
2629	1994
3354	2338
5026	1510
7497	5647
3090	3876
5574	6368
1462	4301
7355	6399
5777	1131
2583	2439
4294	2646
5788	7908
4198	5956
1459	8209
6748	2910
7387	2714
6359	4981
1162	1478
2951	2413
6517	5168
4485	4602
1719	8307
4462	8320
4890	2208
944	4899
6927	1799
7825	4737
6713	3253
6649	47
5068	7123
97	4647
2317	7999
5548	1900
958	3041
849	5508
6054	5343
1119	7923
6396	5760
8288	4472
2419	6558
8245	895
3690	6323
5320	4241
3585	1545
1662	1862
1751	7410
7871	3916
4357	5180
155	4422
6962	2666
7802	5689
4435	6929
4325	1924
6782	3649
3620	5745
115	5785
3341	4804
2826	2935
7508	8443
256	8254
5469	5662
8487	5440
4276	1712
5568	2966
8478	4856
5318	7481
2439	1644
2596	5122
8392	3716
4882	6954
2189	7
6957	7046
1006	4170
5132	3684
622	4054
8274	5497
8219	2313
1982	3167
5727	4591
8547	3109
8407	6316
7100	1730
7767	5990
7063	8440
5041	4953
6025	2924
4646	3875
4946	3695
3874	6036
4492	4005
5283	154
6461	3147
576	2883
2180	321
7649	3577
5136	528
6866	133
7900	4511
6863	5751
7476	4083
171	2363
662	4671
3823	4759
8568	7897
558	3744
6447	3932
6294	5161
3615	7572
7068	6383
162	3093
1430	1949
7404	4122
4542	1047
4301	3606
4395	5622
7992	7310
5	5032
8355	6590
1318	4080
2548	2373
2960	5580
6387	5430
5105	377
5761	5170
6178	4169
49	185
2003	2241
8361	7341
356	7542
7991	7921
5400	3412
4472	892
5901	1484
5039	143
2894	4158
4992	8476
4818	7943
4463	8342
4232	2538
781	5755
6753	2062
2258	5014
3377	501
7415	6844
2328	6252
4350	4000
8086	925
6377	3145
1215	7602
2695	7250
7391	2708
1198	2446
4170	6038
7291	3028
3288	6300
6645	8197
7160	7289
1744	1763
4407	1793
4798	2527
2612	4066
6901	1037
7441	7551
7717	2854
5734	4685
2538	7034
2426	2060
1062	5709
1608	6922
6404	4466
8225	7701
7897	1746
7836	545
2441	7822
7239	8349
1878	8433
6994	3722
7577	6847
3786	2280
5520	736
4832	5399
6663	2065
7273	7576
2251	1784
5300	3476
8415	4271
7990	7319
4097	6589
175	7326
7543	7928
7017	7821
2789	5505
2262	4031
6951	2464
6548	4844
2845	986
7525	3371
2494	7268
6718	1160
5040	4903
8514	1112
4896	1651
6853	4001
6683	6521
2849	6564
3632	2685
1700	2269
5702	702
7167	2071
755	672
1804	2803
4430	529
6811	931
4445	375
645	1438
1218	2649
4575	7798
524	1752
7576	5453
3899	2397
7806	7617
4118	5914
2008	2382
242	5567
2105	3029
5285	1674
641	6998
2141	3687
2979	4110
6268	3904
3236	7598
4849	4502
4299	5256
8094	6692
3852	4521
5140	7214
6961	5001
8489	7893
6596	7718
6931	5073
6681	6916
1858	7714
7553	407
5921	737
6085	8462
6604	850
3419	6682
4636	6148
573	3368
6379	1195
2997	4830
5935	6518
6531	6317
875	2092
5378	1301
7977	7148
2058	5058
8356	4595
3297	6440
8234	7297
1044	6730
5805	1718
3418	5523
5928	6903
1420	2207
2447	3888
484	3521
1138	8016
2186	1616
7940	8220
4405	8013
4526	3994
5196	7073
3033	3731
3326	4237
193	771
3662	2688
2412	3094
1842	5217
8194	267
2254	24
3882	1907
3999	3982
186	3448
1652	8205
2475	3733
6271	3597
2770	3451
1767	5941
5178	1459
4434	5294
8438	2365
927	3503
735	1084
2807	714
5724	1064
1435	4673
2836	2504
7740	2197
8395	8530
456	7449
5157	7224
5377	3340
2433	1795
2507	5395
2569	1197
8533	1599
5079	4157
980	1856
5500	3699
8078	7499
6243	6450
4822	1934
7693	7920
2240	2734
4556	3613
2943	4961
1650	2812
906	1283
2651	7877
8278	8195
6580	2205
7520	5159
1330	4543
1681	8525
7005	8260
3023	3600
3865	6087
4442	4040
112	1038
5369	7082
7320	296
5148	5020
6415	4263
7274	7115
173	7201
2169	7663
4876	229
5330	3056
6450	5335
333	1133
1518	2620
6891	8573
1684	2014
2742	7370
7616	6653
3652	3612
5310	7038
771	1117
3539	8276
2228	4438
6123	3881
5021	1928
5836	716
4756	3556
2793	339
4385	3113
1638	7084
2709	1278
101	5052
2980	717
1322	4128
2520	2133
7993	1122
5569	6387
7347	4310
3945	7176
4059	136
1101	3481
1605	7753
295	3846
4621	8274
6221	1093
7207	6531
8333	2497
455	2022
810	8291
5216	4507
2163	3867
157	3935
2264	580
5012	6244
6507	1655
8009	5183
5674	6435
7045	3224
6360	8539
7410	2268
5946	6468
3171	7613
2330	4374
726	7515
1289	6110
3990	6633
6516	3669
8140	8508
4082	6995
369	4897
6936	4707
1708	2258
1431	7986
3287	583
3349	241
8304	3621
1120	4137
6662	2141
6395	4287
3245	169
6094	7321
6597	2490
7898	3385
2921	4192
7451	928
6952	6234
5159	3135
2616	7391
2043	5022
2118	1330
7537	8464
3894	633
2558	5571
3688	636
5023	337
2895	4320
6493	3244
954	156
6048	8569
1367	180
6889	5287
6033	5526
2972	6826
4508	1322
4528	3157
7107	6556
7684	3505
2432	6403
8095	8429
2252	2664
2126	5840
3021	4196
4333	329
4010	485
4850	4479
7482	347
2500	5670
2182	1919
2861	6863
1277	2973
7803	4815
4123	85
7796	3049
3346	5382
2212	1512
5885	4377
413	4273
3069	5475
2120	5911
4555	4067
4033	3307
8506	2008
6076	1904
339	7546
2528	7982
721	4499
3189	6643
1620	3786
3535	5537
8107	1956
650	7304
1533	6669
2116	6695
6279	8414
7044	576
5544	4515
6010	7394
6661	3182
7679	6583
1268	3375
1334	359
3412	4951
1170	4002
1168	405
8539	5677
3807	5803
3515	541
2298	7978
7772	3055
2355	1530
4287	1751
417	6046
7310	975
4372	3824
4904	7901
1470	646
4117	6199
7716	1398
656	1385
1236	7570
1306	440
2561	2618
1372	6704
2103	1051
4653	5328
8515	1653
2794	3095
4278	5244
4468	3751
6315	1537
6262	6994
955	1096
6514	1049
24	1357
6757	2592
2198	5594
4382	4489
4910	7041
4177	3507
688	3743
8055	5195
4264	3040
8154	399
448	1993
969	7675
5339	2955
7561	6803
7246	3570
169	5850
2719	5788
7285	1432
7178	314
3364	800
6519	7154
7861	4548
5019	6380
783	2098
1347	1259
5156	4407
1563	3000
3411	2350
8269	3893
5446	897
8338	5694
4251	6246
464	5597
2406	6620
6884	6062
1507	8470
1145	2837
5385	8266
4427	2321
2604	4783
166	521
5027	2495
37	1380
3928	7563
4179	7398
3037	2182
7981	7309
7382	6597
6606	686
2739	2581
7899	8331
7224	7429
8242	4820
1149	4400
7401	8295
753	7015
6051	4348
7721	8459
6278	4105
212	763
1547	3491
4266	1329
7784	7817
3511	7845
5549	5202
7462	1384
1023	2868
3586	2831
4607	8353
6067	7266
545	882
4240	829
3155	8004
4686	7622
1876	4970
1344	4861
2764	513
460	775
2991	1250
1336	4620
167	8479
5706	2312
7234	6016
6988	2745
3587	463
8324	1089
1823	500
2879	7135
1964	7144
5613	6579
3789	195
4133	2825
246	333
451	2281
2178	4914
6179	1320
6224	5973
8105	6161
2713	2020
5741	3968
1021	1014
2896	764
8359	807
102	4036
3570	1965
1919	7914
8397	7479
548	4524
7180	249
6473	199
3013	8424
4282	1649
6983	5680
2720	4025
7389	7206
8049	6933
2954	654
3031	4317
5379	2242
34	3557
5521	2696
6547	607
2005	2040
3523	1713
4062	4363
8037	3691
7361	5806
5812	7238
7472	8219
1291	7267
7188	1168
2088	4572
6313	1800
1671	5333
4776	7116
7422	2419
2326	3227
5583	403
4393	1612
4877	6595
6540	1227
2800	1598
50	138
1007	2886
6725	5008
4829	6363
2877	7008
7724	7100
1776	166
821	2202
7862	522
1281	5483
1174	6213
1179	6447
8371	4236
6131	788
3262	266
584	7909
489	5564
6633	2709
6121	8101
8380	6663
4924	6112
2559	5611
6210	1565
3916	726
1186	3429
2591	7841
2935	5912
3521	7761
7883	1222
8099	5993
4724	6860
6955	4790
7049	5306
763	5376
1947	4619
1252	4571
8096	6270
1824	4813
490	2968
742	952
617	204
850	5987
5287	2288
996	4965
1075	4992
6159	766
2164	6755
1274	6795
1881	4803
8388	7705
2871	2448
3875	2991
5295	6037
5481	1829
5784	1189
690	1831
6485	6984
3743	623
3066	462
6654	4539
7012	1069
1207	6278
1864	7814
2765	2209
5742	3847
813	5931
1781	1401
3342	579
519	3855
7485	3782
6113	3489
6287	900
6122	1662
461	5900
8494	5640
6539	5472
4361	6354
4608	7699
5472	3163
8085	3821
330	64
3530	7785
4	7329
3986	799
6	8498
6784	5996
8232	4221
7830	3304
7021	6777
8079	1918
2690	1053
16	6345
3300	6116
459	6265
8030	2549
6603	3373
8553	4181
4331	2035
4106	3765
864	5362
2638	7558
4901	3142
5797	5361
1967	569
7536	2739
3304	5954
5719	3601
5771	3485
3827	1323
3157	5133
3096	1804
4978	3717
8481	277
747	7406
4643	262
359	8116
1188	2721
3363	5727
1548	5239
2091	3319
4723	5027
2570	425
3485	1634
42	2601
131	5046
5750	5896
1060	5193
3267	3987
6984	7819
7623	2633
939	7109
2054	4378
829	3523
6881	6548
7467	7679
1788	5478
6672	5145
2923	5386
737	3525
6741	5890
7027	7527
7326	1
514	5871
561	906
773	3914
2016	6075
1160	613
4597	2972
5192	3256
3439	1292
8264	4232
390	637
8329	7279
3667	5469
4571	3880
1568	5054
2489	1434
3381	5455
9	6507
8531	7937
7668	3583
499	8389
1156	4818
4789	957
1102	6361
2697	6504
4764	5169
4055	6964
4972	6306
4795	1387
1993	1584
1052	4203
2312	1364
6998	3397
5867	2203
2271	6260
133	3771
7412	8404
8453	177
7570	7667
1335	2595
8238	8128
8206	2119
4720	5291
3646	4497
3474	2804
5505	445
7219	1891
5052	2276
5259	5261
6937	268
2124	5633
2517	6319
3901	6819
5642	8095
5135	1553
1986	6856
5709	1474
3851	5952
5722	3498
3666	2889
4627	3391
6600	2084
5941	4789
3869	6515
7873	7713
1103	6592
1455	8486
6700	7478
5009	2416
506	5372
6086	8393
435	6552
4292	2375
3576	4934
1310	4871
1463	2075
799	7068
3558	3513
682	5752
5354	6636
549	4117
5222	902
644	3024
3621	192
8357	4625
6388	5235
5475	1883
6029	6080
8280	8387
2833	6446
1087	5404
4416	3378
342	8057
5910	3974
7580	3619
6969	8542
5987	3866
997	7378
1219	5458
3322	6358
5848	6286
6030	2661
7435	7245
1611	4867
4250	6122
4037	3185
3834	1202
7652	4609
828	3770
2866	7831
5294	5933
5916	386
4952	7509
2345	6212
2610	8497
4095	6078
2929	7261
5748	6425
6676	3297
859	5249
6980	369
4488	7446
5870	8361
275	7678
6669	1447
3909	6223
5690	4945
2229	1175
3989	3710
8166	1378
5825	6281
4386	8238
7218	1814
7342	1262
3513	5666
8222	5573
2113	3335
6746	999
8271	803
5876	1707
3311	5109
47	965
3154	1004
2071	3242
1890	1509
7397	688
7524	2629
4533	2387
1880	3504
1445	5488
3777	1704
421	2652
2603	3461
4733	279
6281	861
7615	3541
6289	6573
4466	6982
6844	3298
3725	379
117	2041
149	6349
7503	8408
7304	2212
7036	8202
6825	1176
1397	2462
3097	3283
1601	7458
7755	3908
4373	562
1114	110
5930	413
2319	2070
1487	3018
1439	3707
823	6572
497	6659
1340	4131
3736	6909
2707	885
7530	8107
7983	7942
1882	7949
4766	1240
6877	6722
2452	3802
2959	3317
5146	6576
6128	4974
6772	3954
3900	322
3456	2530
3813	1086
6618	3381
1401	8127
4206	1258
4631	6094
6071	467
6470	7628
7108	1488
6420	1184
8127	2524
5607	6397
1943	2596
147	4907
6203	5950
3362	1587
3878	2875
1313	367
8341	2553
2044	12
7814	7195
5541	1343
907	6495
7622	5997
1733	2753
7891	3154
4599	287
6659	318
5189	6279
4165	6481
3380	6530
3446	4949
7271	773
8196	4202
5137	7957
5588	2496
938	3742
1011	4503
2327	5676
469	6497
4398	559
5998	2055
234	4
6097	7048
6818	8384
7163	4372
2287	5717
3907	833
2096	7517
5478	2275
6382	1485
103	1657
3597	8027
5333	1882
2292	2243
6761	3672
6793	4234
2750	5828
4324	2903
7513	5084
1724	3951
7609	4583
7811	6732
4820	7229
8457	6801
6175	5283
7790	8208
5770	8401
3121	3519
7175	1942
6565	2659
6130	2941
7418	2171
3545	731
7504	6983
6323	556
2085	251
1591	3933
2746	4692
4286	3263
8275	976
7492	7039
1483	1437
1948	5415
979	6637
6929	4777
7710	6322
3649	1962
2757	3955
8065	8356
1526	1728
523	3415
6234	3991
354	8546
6208	5069
2867	7190
2035	733
594	2984
3527	1007
4453	4545
4588	2833
2989	7011
8273	4978
5839	746
2181	6896
4786	1502
1576	5363
3020	5865
3240	8071
1371	2529
2876	4834
4592	2017
4917	5754
8471	945
263	5119
6976	7097
6851	5800
7356	1878
5001	1150
4935	3144
3016	6187
4226	8184
111	5310
4020	5984
4679	7181
1216	4870
530	5156
5464	7655
2293	8500
7150	2572
5043	6109
6055	7690
2574	1614
6512	8134
2184	2704
4074	151
6181	1563
1908	3635
3925	6684
8125	8533
1600	3879
1665	2334
2388	2184
4018	2772
6212	3086
4379	4206
2211	791
6204	4862
2786	561
5384	531
7545	6703
3105	6338
646	6068
287	1679
552	5276
7833	5025
3757	2932
286	4767
3080	325
3968	178
2891	1769
3008	6196
4581	7669
5495	3573
1777	7322
4115	5630
7292	6602
3239	1776
4698	2999
6557	1910
7618	5413
825	1544
7531	674
3065	6641
947	5747
4794	212
7206	5810
2267	742
1956	4814
3174	3417
3588	5419
6575	3656
5338	8344
4388	2864
4147	7059
4999	3087
2775	1298
3770	2531
4009	7597
6111	5555
7596	7382
154	3255
4751	3483
1679	3015
6833	1475
3370	6797
2175	4577
7511	6314
1850	7020
5726	219
3429	7125
1348	3996
3641	290
5228	2752
3274	7369
1521	8171
3192	4550
7764	4708
1213	653
4475	5050
5394	6779
729	466
6463	1570
7938	3938
53	1747
1656	730
7888	1575
5844	1462
7154	4039
1400	6461
6755	7913
3452	2226
2495	5444
518	5035
2899	1279
8145	2900
7324	2252
6992	7460
633	7090
4711	3327
4632	6694
335	8426
4214	5167
7155	6277
5917	6920
6465	7731
5855	2784
4389	2587
6038	5566
2046	3545
3906	1382
1088	6081
8084	8340
1769	6331
4073	3713
5700	5639
8394	6928
2564	3535
5630	4968
2100	2224
5325	6342
5117	3872
6712	1944
3826	1285
7826	3869
3434	3739
7061	8397
129	3436
409	6106
2331	4522
1066	992
1016	392
4383	8018
71	1853
3040	6990
6338	7966
2824	1564
4573	8158
1286	1914
5872	2400
6009	5953
1702	6360
3772	7468
3861	1602
5366	971
1963	1461
3208	2986
2971	8284
4697	2206
5773	3653
3610	418
4841	5636
5360	3348
3117	8556
6570	244
6176	3705
4076	4698
8063	1773
2231	2724
7233	8187
2688	7032
5731	2859
7213	3850
8221	2394
2609	1884
1489	4959
5433	7976
4273	1855
5002	4617
6477	2392
5288	3042
73	2455
7159	3334
1929	939
4929	5935
4358	963
2121	1802
4473	434
5138	5699
6667	5971
7578	1677
138	4114
2325	5232
8428	5125
2640	4732
1913	7079
1090	3341
730	4725
4986	684
6349	1818
1429	3555
5560	4669
6186	5791
5778	3584
5592	2094
6366	5521
2521	2370
6109	4456
6562	1312
18	8439
3149	80
7072	2677
2744	4686
3704	7730
7946	5450
4420	8502
4914	3179
86	1562
55	6629
7969	6441
7700	6284
1091	5861
6624	6176
4524	5401
8200	3137
513	3851
7887	6828
5660	5870
5419	493
7254	2605
5637	4592
6419	2481
3388	1126
950	3939
8004	2915
4658	3486
3243	256
544	7791
2324	4046
8432	2488
8307	3608
4450	1159
3825	5147
206	3046
2465	8272
312	899
3608	5139
4193	7065
5336	5831
4591	7457
5346	4876
3551	2127
6077	713
962	4576
1385	1239
717	2625
3603	1214
942	1753
3438	5297
801	4660
855	5130
693	2555
5920	2603
7908	6808
255	2110
8390	2526
5545	1098
8272	3126
686	1000
8345	6859
4958	1528
8303	3004
8412	5477
2215	5347
3232	4726
6370	5312
7016	4533
1303	6475
8010	5418
1486	7465
6056	4531
1612	3911
1556	2694
876	326
983	7383
1535	1162
3898	1686
3215	3009
6490	6924
2446	4205
2068	2352
2552	3759
5858	8156
4648	980
3678	4282
1047	4389
3049	2879
3060	917
930	238
1300	1067
8498	228
2777	2150
2854	1875
3908	6890
3533	1672
4366	7691
6947	5675
5933	6893
624	6810
8369	4763
7312	8472
5908	2024
7042	3853
5404	6932
2732	7793
5118	8575
4120	1755
7409	7809
2414	7501
5484	8288
1498	7717
4188	1723
4113	1938
6842	4709
877	1289
4119	1591
4216	4311
4375	6962
3493	4175
3569	2045
4878	6328
505	6918
4503	8528
2170	5448
4806	5728
4767	3624
2078	31
4854	8456
6993	4048
2157	201
6579	6190
116	4812
5866	7330
3399	6083
3557	7022
2614	2722
2602	8001
7322	7142
3664	6662
6567	4482
887	7417
2221	6071
7018	1605
701	7093
6821	8460
2846	3067
4824	2086
4572	7454
5370	3187
8302	1224
3220	4659
2094	887
2427	2478
1283	2415
1932	2768
5180	8466
882	153
2033	1392
3141	7795
6235	3778
5210	7288
3135	3959
7591	6393
8147	2499
7573	1727
7198	4075
4570	1018
2155	5733
3237	5856
2377	79
5386	2561
5831	4808
5239	4677
2037	2981
6985	4883
7694	2186
7032	5093
213	753
4816	2019
7169	4963
818	4283
1766	5000
4223	5904
6535	3753
2210	1859
8075	3654
6675	8190
269	1518
2460	4788
2370	2469
2660	4096
4173	1754
7114	6476
3496	3236
5990	5336
5606	441
5017	5928
744	7494
7212	1155
5080	4467
1508	5490
7474	161
7677	8037
1476	4370
5217	5583
6375	1167
1152	6335
7763	1130
3517	6042
1358	217
2586	7400
5197	1615
8253	1573
3604	6128
2487	4396
8016	7172
6817	1405
70	2615
4281	8085
6135	3549
3568	7733
4559	520
239	7231
7842	7052
165	6431
7126	1124
78	2914
4326	1759
8044	5726
172	6072
3721	2982
5948	2157
1073	1379
6318	103
819	2296
745	4485
5619	7760
7138	6778
6977	648
3011	2647
7533	158
6766	1860
2408	23
8543	1141
4726	7381
3993	4863
7307	776
192	5858
1729	6191
8124	587
7339	5425
6964	8207
1506	4893
4719	4116
1311	922
343	5568
6127	371
1467	3191
3701	1963
8314	530
3387	171
3479	5659
21	5090
2404	4207
4298	6445
933	6204
6689	4227
4732	3949
1928	4470
839	7174
3935	2193
5092	2103
2912	1743
7276	6829
440	6008
2819	4518
8566	6409
6790	6018
3279	7314
4439	743
6829	7904
2858	5608
4229	5479
415	2638
8229	4408
1003	1982
1123	3937
3022	4508
17	1164
1447	8239
3719	348
3913	6855
4532	7029
2715	6713
7414	6466
973	7711
2468	1739
2799	2525
6145	6025
1969	5616
6630	3343
945	6249
8131	7867
4269	7497
3102	718
4930	6514
2913	2253
2792	5502
3134	1021
8014	2787
846	50
4803	474
8517	181
6566	5691
6436	3355
4908	4566
3801	1827
3484	3079
6090	3364
6263	608
2705	3970
1294	815
6880	5703
6941	2627
5904	1355
19	4172
1974	3428
7351	2801
6070	5123
7529	929
2678	4629
620	5226
5238	2314
5445	5491
2117	3345
6752	4957
3965	5181
802	5653
4883	157
7205	2138
3127	4886
6089	2424
5927	3162
2617	512
1192	6668
8189	6486
3413	2911
3512	6707
8256	6049
3767	6975
7722	877
1593	4821
2196	70
1903	8416
5668	147
4100	191
2390	1892
6569	7070
8398	1980
7585	1642
4867	4665
3292	3208
5418	6398
835	4757
7392	3310
8301	1157
7953	3999
2771	6538
5357	1121
8199	673
2338	4693
8046	4087
2946	8273
6044	3816
6273	7832
5640	1295
7029	514
1529	5930
539	1607
6310	5227
908	3445
1758	1957
7915	6353
3441	6901
3187	4541
1694	458
3301	6790
170	5609
1757	2063
4659	4082
856	7720
5881	670
2303	3646
450	853
2242	4037
6154	4787
8483	1619
366	5961
4772	5780
3120	3023
2059	1609
6819	3416
1438	677
4700	6961
1625	6251
886	1940
2736	1443
6053	6137
5763	3282
7579	4090
7962	2245
824	944
3489	3578
4279	538
4003	4200
667	7185
7390	4623
2183	2623
310	7960
503	564
7088	7799
704	1328
5679	2547
232	6617
6934	3228
4880	7045
5042	6877
303	8035
5221	3173
4744	6917
5827	8146
5344	2728
7423	3905
3924	5756
2948	6501
3282	176
5076	1338
1905	563
4577	7875
1588	3729
6589	8233
8496	6997
5971	6085
8209	6214
4369	1783
7403	2377
5435	3594
6807	6489
2047	5394
36	1823
5170	3891
427	6086
793	7662
632	5835
274	1765
6017	2467
2676	4630
196	7158
7909	6702
2648	5098
5918	3639
7110	822
2608	6816
7683	7859
743	5304
1081	4740
384	390
1616	1572
8041	5692
6316	727
8158	5672
1395	6974
7965	404
5177	3712
1392	1287
4810	2052
7653	3359
4038	4249
7450	2484
7756	6302
4827	640
6856	3892
4793	5106
2499	5906
3584	6839
1043	3622
7697	6758
5725	4447
541	6601
691	6906
2478	6761
571	3274
6860	6679
7687	4142
4520	5822
3936	2537
3873	8167
3347	7290
5392	1476
5459	3418
4330	5192
2257	1468
6016	6268
2664	3650
7190	8263
5231	6388
8549	2453
8060	1491
6324	1990
1176	5769
277	1207
3403	5762
3657	6297
1701	5094
8315	4459
3548	7560
2737	4341
6826	7968
673	6900
1619	638
4068	2769
6550	5260
3982	1834
4175	2535
6050	7777
4478	2434
807	4551
3711	1839
966	5999
7059	624
1916	5366
3773	5330
1604	106
5772	200
6311	1440
4934	7706
3423	5189
5897	7583
1949	5528
6120	7216
4517	2947
5746	5116
2001	5100
6098	2556
7568	8198
1722	1046
1346	1353
4864	1042
4663	611
1977	3539
2704	7707
5164	2491
3595	2077
126	2962
2280	381
3763	6044
889	1212
5324	6784
8508	6516
7834	5214
842	3931
5258	5624
2259	805
5701	4996
6406	4015
2375	3206
7945	903
4967	540
1025	1877
4809	331
3714	2566
3853	8420
7554	6216
6259	4166
7853	317
5240	5307
5601	2229
1150	7645
2243	3136
4614	398
2256	7994
4089	4661
4477	5980
3255	5735
3394	1436
2393	3062
2988	1506
1223	5006
6158	1360
20	1627
2407	89
6062	8030
1909	5024
5958	6820
4760	5613
2492	2669
1250	8425
3726	1057
1502	5903
8507	2543
3386	6021
7528	6837
5762	5152
6046	6305
431	3856
3083	2364
458	6966
3241	8029
697	3076
6205	5439
5662	7110
6308	5607
2332	865
7133	3190
5116	1606
5208	6370
2429	8039
3068	4144
1509	7600
5313	5131
7194	6341
1579	5826
3624	3915
5393	6413
566	1253
4975	2720
1269	1889
4418	7811
4296	988
1201	2283
3528	652
2905	7561
7937	2185
7148	6002
6285	295
3468	8329
6801	5938
1465	118
2265	1370
4013	342
7421	4266
557	1166
7926	4032
2974	5271
6714	3798
340	7556
2672	7133
2848	4706
526	1386
5234	778
4451	237
1019	5486
5417	1191
7566	4314
6532	1246
3367	6770
3254	4071
4586	1798
8424	5569
3727	5225
6870	1340
1314	5729
4090	3694
6823	5932
4534	3709
1645	218
974	6410
2374	7648
7319	8010
436	6202
430	3271
2958	1420
6429	8453
6136	3338
2738	6170
6501	1817
1063	5247
7314	7872
6270	1099
6427	3230
6373	7778
1972	2668
1966	7055
5108	7548
953	3366
1472	3108
5931	1596
1481	8122
7011	3516
7313	3820
345	8139
4657	91
383	5348
8381	494
3503	1680
6239	7673
6441	3479
7689	5040
7395	5243
1676	2324
1837	221
2027	5138
6758	2250
7094	1223
8247	8280
8518	1028
146	3944
272	3189
1333	7113
8422	3017
734	1758
8101	2248
4984	8516
5611	1347
5889	4260
7501	7072
8141	1997
8327	1791
4560	4350
7033	1646
2274	141
3889	4476
4183	6861
1384	586
6986	4276
2987	1482
1924	1411
3248	836
7610	4795
6673	498
5111	655
7863	2690
4144	5211
2541	6463
2152	3007
279	2104
1356	4483
8461	6899
1098	198
1410	8161
3227	603
8175	3718
699	149
4863	4185
5271	5612
1457	2037
1835	2755
3501	8410
235	7016
4230	4859
5292	5112
8572	4645
6765	4006
7028	5679
4696	1327
253	6458
6093	7132
478	5864
4680	3360
8526	4972
7405	4018
6636	2108
2745	7120
2734	3012
2726	4656
7386	6895
2778	7726
7884	7496
1703	2866
5112	2689
1050	2783
160	2622
7407	7075
3525	2759
4401	6152
2963	7418
3469	4043
7841	7532
586	6111
5984	2429
4374	1257
320	515
3056	6796
4184	4261
7955	4606
4714	4690
6488	1996
6303	97
6707	2215
2160	6500
4107	4682
5207	3379
7766	7149
280	6047
2450	3225
2714	1161
3313	5390
3201	3490
2469	1909
1673	2855
1139	8136
5708	6291
7998	7281
6438	1366
1567	6197
3270	3349
6699	1334
6919	2562
2859	6107
205	845
7760	1238
2532	5845
3048	1276
869	8036
3661	7616
6522	7000
2857	5327
3766	2043
1599	3347
1609	190
7839	4853
2904	3674
5329	8294
2525	8445
4452	3988
3846	6357
3687	4809
8109	135
7099	8256
6492	1552
318	3945
3959	1060
8111	1668
3931	2435
3396	2703
7565	1549
6218	6185
7560	5991
1273	5230
659	7439
214	3843
7105	7640
5837	4065
4800	4245
7268	5606
986	1600
4110	5282
7987	7610
1965	6167
7906	7910
1780	7916
3075	4160
1595	2743
8300	602
3626	7547
8404	1863
5813	6022
547	1470
2919	8376
6374	3871
5626	3776
7465	5643
609	6683
5166	2890
184	1579
4602	8225
4729	2959
1135	4962
990	8159
7152	5595
8387	3761
5103	5969
5981	4552
902	372
1130	1031
5602	6143
6059	5817
6816	7124
248	627
5494	8132
922	2611
2703	8183
574	1233
2700	6232
4191	3772
4624	2794
6045	8255
4649	7544
3112	8177
4963	5004
4939	4398
5792	5462
470	6835
5537	787
7582	5466
8331	6088
5493	1339
4489	1011
3073	226
6174	3611
6390	5246
2289	6968
5925	5619
5888	7308
7014	4694
5420	5210
8047	3060
8007	507
7008	8040
4716	1152
4159	3633
694	1008
8503	854
4212	5820
8335	1318
8083	6407
3462	1333
2476	8305
8325	278
2383	1935
2162	3249
6083	4947
542	2399
200	3754
6307	5958
6173	4050
929	8487
5945	4627
5808	6218
3592	3874
207	3037
3556	1628
33	943
7123	6883
7089	4126
7195	3301
6909	2143
2682	4941
4260	6449
4728	7940
1067	1219
978	5140
3692	3506
5673	4224
7300	4212
6249	823
1233	7349
5149	8467
7147	476
7847	5535
5415	1630
8439	4643
2481	8296
2106	8390
3146	4095
7886	6948
2205	3666
6967	8137
1076	1523
8353	5665
4087	3628
2483	3266
7426	1135
4490	6385
4176	429
7075	4845
637	2000
1423	3842
5413	3865
1039	7997
4109	5829
2533	4713
408	8236
75	1539
4925	4457
7931	8559
3104	316
5826	5358
7416	1497
4885	4334
52	319
3231	5837
68	6673
1312	1979
1782	4994
2981	2571
8468	2765
1229	4654
5608	7582
5632	3929
8182	748
281	4633
8340	4108
3268	8215
6930	3763
5616	6841
1422	2287
6610	6750
2315	2374
7354	8375
6115	3488
3776	4626
5880	3102
8220	5254
5260	8120
6481	297
7956	7426
5440	3203
7157	3269
5235	8567
740	6395
2522	3822
1017	8009
1104	5301
4994	1520
2472	6043
4197	5457
7048	5701
897	2163
4023	3251
1398	5832
2818	7360
3631	5893
7341	6484
3537	2117
1337	1296
1046	5495
7914	3972
5967	1486
6233	840
393	4240
5093	332
2398	4937
2683	6609
7985	8231
3281	3328
5327	3529
2038	7232
1994	7033
1235	3903
4853	6026
4077	7487
1534	2299
3680	6282
8530	6269
1265	7036
3390	6241
5510	8564
1960	1477
563	7767
3599	8316
2592	4217
8546	10
5396	3789
6468	3807
8561	6686
935	2541
1968	6656
3280	1034
6171	5557
3070	7252
3939	6382
2119	4836
7334	4691
5006	2976
7400	5693
6018	2290
2519	6767
6166	7800
4172	4264
273	7401
5883	5854
7532	4081
5496	784
6542	7918
7477	7555
7013	5947
796	5731
5375	3637
4396	7357
3055	4588
4504	6809
5768	2398
7275	5962
1132	1950
2445	6712
1874	6865
6530	2815
6019	5160
5201	783
6902	6140
965	7885
2812	3497
7845	8062
3233	1186
1783	6727
7253	2306
11	596
2579	6336
3283	115
7620	3463
1217	6155
2050	6313
4271	8385
6188	3586
2300	1435
4025	7480
1920	8444
8019	2998
6745	617
4111	1846
1241	5267
1765	8461
2281	890
6612	2266
2829	3910
7550	5325
3659	8185
3805	5669
2361	5128
4823	1109
414	3701
2334	3873
7306	2151
3006	8147
3722	7536
7636	6092
3954	506
3071	1675
4763	1302
1164	7129
1210	1143
2430	8277
4619	1299
2753	1200
4611	1631
3238	5391
6274	3399
7648	905
6043	76
2772	5060
7769	5368
4137	6806
7800	1850
3420	7637
6987	641
1270	5737
6791	8032
89	1841
5301	8078
25	5388
3139	261
6290	3477
7656	5758
1940	3585
4774	1621
6443	878
1032	3121
3122	7282
5874	6015
2285	5062
1857	780
1158	1045
3893	6264
3636	4230
1185	4361
6480	2158
3307	4652
4234	8283
6322	3398
3184	1519
3499	4664
1415	1764
1790	4295
266	2005
2722	7306
3358	6688
6544	5951
6407	1266
4189	7294
1353	196
3306	61
3519	5091
8311	1201
8239	2410
4057	4294
1846	978
6228	7108
6027	5313
7215	1977
7832	7906
7778	6782
1511	1879
3760	631
2360	5948
3612	2025
2752	5879
6839	8022
601	4401
4313	7807
5291	8193
3260	1372
1634	3693
4152	2550
7345	3839
4713	1546
7608	7788
7792	7589
3634	6041
1015	2121
3600	7784
7060	2518
1721	2639
7470	3899
8420	7947
7783	3805
308	1742
7153	7621
6621	1113
5535	7161
7120	8261
6229	39
6874	6529
8284	3834
1350	3520
6711	7946
3333	1524
5438	43
1317	365
8360	7025
1833	2124
6810	1352
6812	7182
2872	7293
4905	3787
2444	5284
5169	2320
3655	1648
1772	6858
8344	3158
2686	459
3868	6536
6255	4854
4537	1316
3454	4316
7638	3558
2582	6719
774	1656
5085	1439
4236	3576
6184	6619
6768	5429
2379	8513
7840	274
4596	502
2417	4222
1794	3045
5860	5326
7928	5357
3629	6123
2655	8069
1558	7367
5720	6220
3923	7554
4514	2286
3769	519
1211	2270
2518	5452
3223	3615
3431	2586
3504	4510
3502	7812
8537	8518
270	708
1562	4579
4736	6131
5982	5341
2599	203
1161	6163
4011	8418
7294	4565
5267	6557
1078	4414
5523	6675
5542	5507
2546	4649
2392	6708
5078	7638
5193	1397
4866	7299
7295	839
8052	2217
7851	1580
1248	3165
3064	5655
5314	666
3052	3161
6088	8447
4320	8250
6439	5894
2296	5790
3775	3120
5284	3745
4092	5209
4868	7447
7302	6164
3167	5164
5572	5184
1434	7956
7269	2333
6705	7751
1125	811
468	7843
3151	7516
660	2842
6634	7352
5877	5839
1292	5473
7781	8087
3731	578
5615	6943
2550	7578
29	6979
1282	5805
2798	6471
4690	437
6642	6786
4205	4342
3578	1356
1678	4512
7889	5637
4705	7834
7744	2516
2161	5929
1456	7938
7597	1874
5257	2366
385	7533
6533	2693
4875	8051
8486	6935
7632	8042
3594	2049
7698	6874
8559	3410
183	2192
2363	1076
7350	6854
7831	8160
3943	6329
4021	6710
7986	1626
4802	2493
8090	3673
6837	4033
5522	1959
7010	5782
6209	1213
4125	1291
4689	6610
3994	3561
7645	4089
2927	5416
7298	3103
6595	6374
3382	2635
7115	1020
4328	2988
2346	1756
6006	6113
7328	1489
4590	8108
2130	2793
4546	3259
762	4734
2808	3815
39	4819
3374	1815
125	8077
349	5626
4345	8400
8011	7853
4775	4585
8077	3239
8306	2872
1798	7790
5954	7262
5059	1300
6424	7323
6922	1945
8573	4504
4340	8488
3699	2128
2283	4437
4228	3089
2928	2653
2194	8505
1144	762
3152	4278
5223	3830
8451	1896
1069	555
5868	309
6695	5570
3821	7686
885	857
6787	3590
6298	3288
703	8282
4208	824
3401	3446
6769	6762
8427	7346
1688	5063
3565	4335
6592	1880
1243	5467
2965	6792
1834	4703
7303	5972
2837	6512
7935	3548
321	2473
8087	2181
8364	1917
1615	1585
2571	1078
449	4700
1955	436
122	995
5448	3769
5650	1647
8183	1499
3633	2391
6299	761
3611	1336
1406	5342
4548	3501
161	330
481	4796
4295	1041
4323	8450
362	3039
6776	1516
1895	258
2577	4857
5989	5051
1464	860
291	8262
6838	2159
3366	5836
3339	7430
2702	2558
7371	5061
4446	7442
92	5203
1142	4235
471	5581
6892	7014
6502	3470
6376	3110
3007	819
3720	1471
7902	3913
7843	5600
6430	8015
8294	7879
8456	7111
8073	7666
1263	921
264	4323
626	3003
1922	7688
5600	2876
3917	2948
3547	313
3488	5884
1643	2200
91	8258
2642	7427
731	2933
6917	7734
915	4967
1134	5031
6265	6950
3323	6745
6434	6417
3724	2177
3101	8000
4625	7150
1496	5915
2149	336
4213	2156
6187	8229
1731	1249
7714	4042
3089	6881
4998	3502
2940	1373
1668	7805
692	3414
6525	595
4933	1080
838	7742
2875	668
3442	7828
3819	4442
7780	8380
4600	5353
6236	2857
2910	6584
1624	2980
2679	1286
4072	4930
6331	6661
1626	4011
5254	2061
6068	1217
2763	6965
7210	4164
1637	4101
5871	7012
4771	3854
3653	4109
2004	281
4016	3427
6327	3626
8502	5262
2551	8332
5514	5200
1793	2074
5809	3509
4319	2971
1237	1805
7948	6177
5775	4611
6588	7204
8339	6303
578	5799
4495	3794
6956	5886
4355	6381
6767	893
3459	8047
6982	6547
6828	6324
3209	5300
1973	1290
4762	1196
984	4754
4315	2852
6827	568
6875	4303
3216	1583
6629	454
4989	188
5003	4837
995	2682
8523	4373
8571	3112
6895	5794
6064	2642
3992	5685
7733	577
2711	1100
5074	3785
6728	7972
940	1005
1889	2740
7690	20
1258	5373
500	659
3647	5807
5875	489
5276	4357
2099	2293
5665	2843
2496	7756
5066	439
8227	2505
7281	2952
1904	8172
3915	2891
8187	1187
5020	5088
1886	1039
95	5321
7464	4302
3642	52
6251	7253
1892	6375
3191	5030
7494	7878
7364	4887
7487	5813
1747	1490
7144	8211
3264	4628
132	8345
874	4387
3414	2604
3430	2515
1553	923
7136	8412
6361	374
7903	6287
6587	4074
4828	6888
5609	7184
3253	3886
3987	4674
6293	4987
3257	1710
7852	4952
7118	5068
301	2233
7805	5610
7264	851
8258	213
3162	5172
2079	6775
5743	4072
3173	5530
7692	5420
5381	2917
1577	4436
3433	7606
3951	7763
1532	3106
3079	1547
7738	5603
3749	4980
5938	7364
180	2081
2343	6989
5457	1678
348	7870
881	1991
7197	5844
7098	353
1428	938
3207	7530
4688	6031
3976	2509
6335	5207
1705	3408
3291	5036
3782	7768
1596	1697
981	8365
485	5242
7173	3209
4872	460
727	8041
4104	5496
681	5153
1628	5400
6474	6561
4471	1868
7500	4773
2675	7320
2906	350
7004	3453
2537	7071
4352	6738
597	5215
6398	3469
5315	6027
725	2832
351	6952
6344	7138
6072	7026
3602	1561
5358	2298
5570	4189
2367	7236
6112	6255
6754	5767
8160	4223
5851	2726
365	7057
550	7455
7121	3864
6556	6542
5973	4460
5652	3473
3957	5651
4071	2762
5976	5188
225	7712
6905	632
4474	6104
2982	8554
8328	678
98	2858
1378	6560
7309	5818
397	2140
5265	7030
1128	4799
3577	4086
5249	7704
6843	7523
240	6696
6762	1734
4757	942
6912	7347
7259	1816
8542	6575
963	3245
6840	5652
3960	1622
1257	7992
4128	5789
7189	2178
3059	4138
8409	2626
271	2336
5057	2940
1451	2797
326	2723
2977	7886
7816	6296
7241	5407
7468	6408
7495	6301
7702	7813
7481	1550
3761	2673
7785	3572
5340	2850
3085	6678
8290	5809
5035	3195
8155	5435
1594	2513
387	5563
4788	6455
765	8223
3879	4731
8066	477
5486	4462
7895	387
7367	3696
960	8165
2820	1480
3004	2278
1453	1492
936	2777
2459	7861
224	5381
4105	6050
2760	6364
4061	2155
5625	7317
7024	5171
6409	4988
1448	2102
1872	5080
1754	8415
4380	4397
2677	1104
2453	5010
7499	1858
4438	2789
7870	3034
5884	856
4642	4586
5781	5650
1380	113
5174	1472
8399	2539
2095	2129
3573	4293
5351	4816
5183	2139
7429	4582
3858	456
4567	8417
7315	6652
5732	1538
6125	5016
2685	5959
2693	2584
6635	11
5168	107
7765	1871
8425	3736
1581	571
6640	3726
1829	7339
3465	1847
1196	2431
6529	370
5107	8374
3126	7240
2457	6532
2123	2175
6925	5843
5402	5708
3179	5187
4622	3998
7156	4578
4633	140
5893	5553
6219	4210
4996	3948
7706	4119
7782	1927
540	224
6647	4178
6084	2360
1013	4658
2434	5774
3030	3013
5458	2675
6286	8576
5060	3291
1730	3662
1691	8217
3555	93
2382	5965
5785	3119
2584	3634
6888	5237
1735	4349
7452	6600
916	4187
4262	2300
533	328
5181	4265
8522	2536
2749	6545
6551	3
6933	8328
8117	4774
2759	8064
8051	4599
8449	4560
3425	3064
4103	565
35	2844
6319	8323
2268	1236
4956	8222
7151	4922
8039	3243
6719	675
3707	3706
8153	2003
313	2767
5011	7107
4578	8123
5141	3281
4151	5847
2784	3852
3753	2170
4306	8348
1440	6193
8567	4003
3193	2573
1254	3566
2543	2167
507	1845
4290	2687
7488	5075
1598	6168
6885	7179
4664	22
709	1604
7876	4745
5245	7160
4408	3979
6144	3826
1302	2926
2032	4426
843	6624
6883	848
7877	915
6266	8499
3700	3172
5895	6285
3471	4415
4737	6348
4164	427
3467	131
4370	1362
752	3797
4955	8247
7929	7787
1664	2579
6850	3241
6380	3170
3444	7567
8354	3178
6508	6419
148	1995
8115	7106
589	7748
5710	5085
6735	2432
8097	59
3088	4766
4493	1821
7751	5998
3229	7932
4979	7373
804	6119
1106	4247
8143	2715
6167	4434
1206	242
6862	240
1085	3720
8053	7091
5979	7722
4142	4173
3170	6904
218	7188
5005	6814
1682	1220
6107	3026
7646	732
4412	3330
7475	6817
1298	2165
8254	7291
181	8399
5033	6921
5790	1915
7067	2284
588	3444
2986	5934
6808	183
2364	5124
6340	6465
3787	8403
6354	6788
6503	5584
6616	8265
6899	3587
4684	6333
6555	7973
195	5377
4738	4225
1482	698
8382	8527
3114	8026
7807	4058
5200	6372
4337	1243
6211	3804
992	582
7515	3493
1325	13
7216	2440
8444	3569
883	2083
2900	5849
1941	634
7436	5121
1899	5037
4289	5392
3226	3212
7125	6245
3177	5380
3093	1174
8446	5470
76	144
2051	7941
3831	4762
358	1837
919	828
6049	2494
5084	8471
5062	6352
2244	6096
4587	1736
4312	5781
5753	8301
158	1464
2817	1733
6623	7740
2667	8086
7910	8311
5480	4099
7728	1203
5008	5408
2239	4285
2652	4753
7238	6459
3967	5143
4891	7305
5907	5823
7563	4839
6425	821
4201	1115
5553	2608
1946	4840
8043	5532
298	2979
2378	5695
1538	3648
1383	5821
4043	132
1621	5009
5789	8474
2878	5137
3953	740
2625	6462
2253	6248
5651	6233
8023	5575
8470	8577
8138	8228
7959	8391
4116	6114
296	542
7493	4506
3054	3723
7162	1825
2279	2168
2207	983
7272	6615
1342	6905
2613	6156
5297	7661
6940	8181
332	3582
353	7002
477	5397
1396	709
1998	4446
2223	3153
4858	6980
4565	3817
5645	6574
1309	112
2681	4501
7076	8430
738	3358
7925	1254
5641	7774
6900	6146
370	5224
3710	1199
401	2764
6868	1314
2048	3750
7659	2925
4887	2144
3705	3043
1585	1346
7521	8371
5817	6559
5823	170
8133	3393
3910	5086
4063	4597
8472	5920
2643	5634
2941	4413
1907	159
812	4356
4102	7615
4645	4702
6343	8362
2322	6253
3353	7421
3169	4851
292	7162
714	3697
2840	4913
6723	3825
4169	2016
7720	5047
7396	6157
2717	4535
1981	3647
4322	8005
6694	95
510	3532
8346	3810
6692	6482
1737	8515
1911	5946
6500	656
5296	4402
7327	1101
2491	1418
8179	6718
5202	1180
3506	3661
284	5722
1141	2751
8291	6033
2017	7553
4796	3073
2966	4746
8293	1056
913	334
654	2569
3210	5887
1779	7851
7480	8242
1718	5072
6656	3104
1320	7884
8414	5797
5819	4399
7944	4536
8180	1452
6432	3468
3190	2492
7112	5739
2540	3074
8564	7098
7875	2038
1307	4950
2098	6153
1503	1025
7598	5750
63	3171
5407	5730
3790	57
4000	7136
5752	7049
2822	5278
3235	4546
4759	3148
4954	7880
3028	34
4676	873
5421	7508
5004	7312
754	8438
7770	4667
3225	3069
7265	6846
2620	4743
250	6728
6665	396
252	1002
467	4007
6453	7009
5628	3406
6756	1487
1474	4029
8287	6864
4158	4257
5244	1779
1978	1541
7445	5882
6614	2990
8379	1467
3788	6607
445	8557
4153	3295
1426	7354
4931	622
3417	5937
6896	3449
3212	2565
4886	6434
7116	5957
64	6744
1326	3760
5152	7601
2856	5572
6226	8006
7735	3563
3063	4997
3166	7652
7708	3783
96	2316
2413	6350
1950	7676
554	4697
2890	3922
4342	7276
5182	7839
1165	6124
5449	6295
1220	380
5974	2977
1460	5492
3609	3261
865	8449
5251	7393
3259	8509
6241	5097
2208	2552
1166	3048
2823	3342
8250	2510
8416	4123
8126	4801
2762	1629
5331	6776
4712	3407
3453	7794
5007	3746
8454	1660
1561	3748
3018	4672
8423	6587
6160	7823
7034	301
4085	7085
2735	7646
6095	645
3448	2585
2067	2010
395	5354
1851	789
5256	1097
2740	6222
4146	1383
1284	1119
6887	3774
7225	7165
5559	894
179	1403
2127	7754
8316	2308
767	3268
5274	7374
6835	8065
7226	3983
6337	7825
1893	2187
1107	1887
4479	3877
5083	2700
596	7058
216	3984
7491	3289
325	2378
2314	4802
2832	2969
3199	2679
7726	4828
7522	765
6302	4056
6778	7562
683	6791
964	6332
6794	4433
3746	6028
8163	1284
7619	3324
2887	2835
302	5927
4317	7043
4494	5541
6511	2369
2932	574
4094	1988
8022	7139
2708	7702
6185	4174
7823	7863
7941	4636
1262	1761
2371	3092
1373	8151
6106	8396
5757	5149
5050	1899
1113	492
108	2670
5756	6611
2516	4490
1525	6454
6475	5438
2294	5779
7664	3863
7601	4705
7065	8566
6431	5649
7701	6898
8062	4064
6869	486
2725	6238
1814	7475
3410	692
1117	7624
1504	2113
1660	3421
1666	1192
4687	3524
6244	2311
7556	818
2556	2259
5442	911
6559	3793
2838	7815
1732	5766
956	4219
7384	6438
4351	4877
7758	749
6832	7540
2585	3593
7141	354
38	3207
41	5936
5934	1551
5689	6188
7223	6539
494	368
8129	7587
276	2214
1000	2640
4448	6578
5806	6996
1297	2861
1424	1688
5730	5245
1970	4593
6867	1582
7999	7013
7695	8096
6907	741
8495	3322
2788	2011
1405	5604
3526	869
5661	1444
8150	2672
488	3868
4574	1107
5575	4985
7177	5985
3713	8568
3803	7303
2949	7331
6849	2348
8098	2791
5780	3631
4881	6460
2125	2951
4722	4291
6552	5023
4938	5898
2860	5142
428	1404
4425	8434
4399	1408
2801	2315
3797	6510
851	723
7583	6649
3870	628
1582	8552
3124	7143
1674	1998
7967	1332
6248	837
2015	45
8574	8534
1934	3728
6958	6824
14	2154
878	1819
2622	3907
5326	4534
8336	6420
2011	757
2950	4248
884	2808
3482	3344
4669	7399
5055	7389
2269	2514
2567	4473
982	68
1256	3752
805	1745
5090	6833
5947	4881
8501	1469
1939	1992
1717	1698
3966	7803
6513	7218
5067	1592
5029	3423
4039	4375
2389	5191
2847	6384
6563	4770
8252	2068
6834	920
6042	5888
3487	6709
3392	3478
7296	6158
1692	558
7263	8452
7293	605
3946	2057
7705	5028
2902	6623
3774	7607
3785	3658
4145	3031
7170	1313
3010	2195
364	4869
5648	235
382	7650
5517	7887
8436	8074
1468	1608
1267	3065
1030	5876
7924	4942
5565	1811
4078	3054
6935	3248
4247	6867
6979	6389
6242	2225
2333	2406
967	2873
5960	3192
535	2172
7963	2534
1566	6101
7479	1153
1927	7404
1290	4465
1386	8381
5160	1931
139	5144
3047	4013
4932	6442
3406	2114
4454	1820
5735	2636
3094	2099
8263	8511
1296	6488
3596	6178
741	8089
2916	1457
5328	7961
7549	1867
1716	6660
8128	1264
3330	3431
6893	3950
3409	7023
7594	2380
1590	996
1036	1349
4050	5323
5659	4419
5372	4680
6283	7902
6777	7431
411	7677
6620	4004
1809	2790
2063	883
5589	8545
6140	2309
7357	5671
8231	8090
1759	5298
2694	6483
4539	3812
1743	3292
4937	7490
6454	1419
371	600
3113	7241
6245	831
608	8369
62	2351
2493	901
6196	4519
6386	7395
1137	6571
7878	679
1389	2422
4973	4244
4662	3395
5671	1065
2009	6035
177	524
3110	4019
8102	3552
1341	4525
3328	2785
4268	5175
8386	4463
2968	1937
1992	82
4678	6842
1364	1744
3336	2805
2761	5038
4899	2368
5272	234
6607	4640
4160	6821
7142	7725
3331	6927
6458	1826
585	7936
8484	6945
501	2533
3779	1431
4894	662
4202	3454
2485	7355
4681	5460
619	1714
4535	5308
4898	7735
1900	21
288	8327
6372	167
5850	4778
8003	5763
8017	3465
5430	4986
5666	7579
5218	940
1505	4299
7776	4752
3793	4832
648	6436
5639	4547
6684	8289
4991	8478
6257	6228
2554	6003
152	2357
2420	7700
2650	6371
6021	92
434	546
7106	29
5952	4580
779	6499
577	2425
7202	344
7633	4092
5964	4443
6151	7101
399	3603
3643	5648
3087	1337
5454	6006
2658	6299
6973	3267
1519	3143
2663	2792
2179	3660
2868	7470
1622	7042
4629	111
4204	7510
5705	4111
3143	6714
6073	3607
114	7117
2	1090
4836	5447
10	8227
12	503
1275	3540
1492	5476
7548	7155
5226	6355
3516	1455
2718	1391
7438	6184
5129	6953
4339	8512
702	8073
7022	6970
852	8230
1028	361
1985	8446
5488	3216
3024	1913
5900	4125
6710	6276
5721	4274
1866	5552
145	3356
537	4823
3619	1145
4921	1315
6383	6735
156	4718
7949	8099
5518	5163
6292	3246
8177	4319
4433	5602
8313	4209
2168	2713
2724	6508
3295	8162
203	288
3278	5265
208	793
1540	2532
7232	3912
223	6947
3836	356
2316	1156
522	7438
1995	4325
243	4120
8089	526
795	2054
5691	2174
7510	5525
3338	3657
7305	4800
6938	8333
268	8383
2425	5252
283	5540
6824	2860
1752	6292
1727	4696
3591	2936
1412	1740
2888	6759
4242	2
336	5687
1739	1840
595	8098
7332	7502
4311	7298
1589	7414
8385	6001
6799	1390
2454	6666
3302	3627
6300	2905
6632	3080
2816	6764
3885	6894
407	4258
5203	1540
5038	4916
2029	5536
5273	4214
6679	4882
6796	5916
480	2760
2416	4255
5909	2737
4091	3844
4126	5924
7787	4431
517	8465
6192	7565
4304	1735
521	3464
529	7081
3107	7056
567	4405
4070	7445
3009	442
5356	2744
7821	6956
5865	3537
605	8076
625	3210
7750	482
652	6051
669	3544
8114	6141
687	4954
3589	1003
696	4523
5342	4919
2405	998
7425	4594
2301	3780
722	3294
5846	3169
4174	3957
5540	4964
3081	1281
7132	3652
756	7944
1570	7732
780	3008
2387	7919
1741	581
1942	1691
8132	2132
816	193
2110	5223
2482	4194
1153	7644
4852	4183
862	8020
4210	7387
901	1517
3756	5412
1227	7959
1861	3020
3343	7239
3938	8103
1649	7223
8556	2295
8251	2563
4969	5863
1045	3214
5427	2950
2863	6577
1917	3792
1936	3588
3995	5079
4903	4969
1127	1972
8198	2901
6369	87
7676	7167
2870	5657
6820	4057
8257	2477
6495	697
7375	8373
2595	7064
1189	1036
5323	6780
6515	5514
1212	7894
1234	4102
7258	3591
1461	5759
2553	704
1253	6805
1610	355
1276	6000
3639	7366
6482	1173
6971	1803
2947	7830
1327	7419
6716	4562
1762	3971
1418	4231
6637	1535
3540	5778
8059	7379
6232	4843
3820	2359
7651	7724
1586	3471
2623	7228
2144	1778
5049	6240
3505	7965
1667	2985
8554	6638
5999	1577
7370	1230
5412	8206
8028	7219
6537	2564
5581	7890
1831	5550
1840	835
6871	4982
1877	3575
5610	1724
1914	1738
7846	2211
5820	8281
5233	8370
7711	8454
3716	6159
2809	8025
4838	7178
4248	4584
5692	1425
4638	3861
8167	8043
2729	5761
4436	4380
6036	859
5158	6969
2513	2460
2544	457
3884	3688
3251	2736
2557	722
2563	6136
4308	40
2581	1515
7037	8419
6948	6412
4280	488
5849	7353
4031	3181
3344	6630
6510	3604
2884	7437
2892	1534
2915	4179
2926	3758
2933	4494
4731	3965
2983	1247
4734	4139
3019	5713
3041	2823
4052	8475
4343	6598
8411	7766
3103	614
3735	3211
3118	7520
3130	292
3978	6716
4797	7233
3186	1026
3211	5005
4675	3686
3284	2577
7184	5113
5765	481
4378	1505
4457	4149
3494	1952
7858	2836
5754	3967
3811	2361
3812	7670
3919	510
5262	306
5519	7654
4149	6429
6433	5375
5058	1706
4285	2173
7398	3196
5577	7571
4467	4600
5456	1132
4613	2428
6749	2680
7813	3528
7179	5746
5476	6054
6806	6474
5114	3286
8475	4297
5487	7342
6721	4738
5988	6151
6445	2631
6631	1009
6736	2758
7026	4846
7139	1072
7505	4016
7621	1750
7943	7865
8576	6060
8550	7153
2299	8422
